0b002701 0b006901 10000 100 9043 2000038743 16986 17618
0b000101 0b003d01 10000 100 664 2000053482 9538 10569
0b000801 0b002001 10000 100 49317 2000106414 50725 51373
0b004501 0b003b01 10000 100 13382 2000179215 20609 21243
0b004601 0b006301 10000 100 2912 2000311632 11815 12444
0b004a01 0b001c01 10000 100 7639 2000391539 15787 16418
0b000d01 0b006801 10000 100 27802 2000347741 78388 33316
0b006d01 0b002101 10000 100 27922 2000426900 34313 33412
0b004901 0b007701 10000 100 4097 2000569769 12839 13469
0b002101 0b002701 10000 100 54085 2000504679 95041 50980
0b005401 0b001201 10000 100 394169 2000319076 339717 340503
0b004a01 0b002b01 10000 100 98319 2000586546 91975 92456
0b006101 0b006801 10000 100 747199 2000027246 659015 636482
0b007a01 0b006101 10000 100 22564 2000694393 28297 28934
0b006401 0b000a01 10000 100 103667 2000688777 96257 96927
0b004001 0b002f01 10000 100 44648 2000762261 46800 47446
0b005b01 0b006a01 10000 100 34780 2000807035 38526 39168
0b004801 0b002a01 10000 100 27635 2000817432 32544 33183
0b007901 0b000501 10000 100 6692 2000864346 14991 15622
0b004c01 0b004901 10000 100 27849 2000898059 28275 28954
0b005001 0b005601 10000 100 71535 2000912560 64896 65592
0b002401 0b006001 10000 100 49657 2000982158 50997 51645
0b005201 0b002701 10000 100 146455 2000844788 190007 132808
0b005201 0b003401 10000 100 68715 2000881178 165362 67621
0b002e01 0b001a01 10000 100 35200 2001101906 38900 39542
0b001b01 0b000e01 10000 100 93734 2001060986 87931 88596
0b007601 0b002801 10000 100 34651 2001165251 38423 39064
0b004901 0b007f01 10000 100 34751 2001171218 38503 39144
0b000601 0b006801 10000 100 26275 2001221371 31566 32056
0b005801 0b001f01 10000 100 21992 2001277153 27801 28438
0b004001 0b004d01 10000 100 78775 2001237037 75394 76053
0b000501 0b004401 10000 100 5937 2001299862 14349 14980
0b001e01 0b006d01 10000 100 16224 2001320966 23197 23632
0b001e01 0b000801 10000 100 6298 2001356219 14676 15307
0b000201 0b000a01 10000 100 188685 2001223824 167702 168205
0b004101 0b002101 10000 100 47365 2001357672 51167 49735
0b007c01 0b006801 10000 100 6468 2001405033 14812 15443
0b003701 0b001501 10000 100 23035 2001414038 28712 29349
0b002301 0b007c01 10000 100 732 2001441100 9878 10624
0b000d01 0b005d01 10000 100 1352155 2000296006 1165815 1143679
0b003801 0b007201 10000 100 7555 2001446978 15720 16351
0b002001 0b000f01 10000 100 24743 2001448324 50077 30754
0b007401 0b006801 10000 100 28222 2001527450 33053 33691
0b006f01 0b004301 10000 100 48907 2001540067 53301 51007
0b007201 0b001301 10000 100 109 2001599691 8428 10125
0b006101 0b000001 10000 100 24501 2001579501 31289 30560
0b004101 0b003601 10000 100 78712 2001535488 75343 76003
0b007101 0b002e01 10000 100 152466 2001486455 137159 137848
0b006401 0b001c01 10000 100 6681 2001760770 16366 15613
0b002001 0b005101 10000 100 1797725 2000276957 1536620 1517223
0b003c01 0b001e01 10000 100 81111 2001764397 77377 78037
0b001b01 0b005301 10000 100 40323 2001804282 43188 43832
0b006b01 0b000501 10000 100 321265 2001606622 278628 279376
0b003c01 0b000c01 10000 100 41463 2001855297 44179 44783
0b002901 0b006601 10000 100 1491922 2000618097 1330114 1260830
0b004301 0b002601 10000 100 79664 2001846995 142350 76803
0b000c01 0b007d01 10000 100 12584 2002005458 19933 20566
0b002101 0b003d01 10000 100 2281878 2000208618 1970520 1923131
0b005701 0b007001 10000 100 4959 2002172940 13529 14159
0b000601 0b002001 10000 100 73808 2002123319 71434 71888
0b001e01 0b000801 10001 100 33289 2002159310 37295 37936
0b002601 0b006301 10000 100 98359 2002131789 92034 92488
0b004b01 0b006f01 10000 100 4799 2002219671 13401 14031
0b006101 0b002b01 10000 100 728724 2001629893 620257 620972
0b004f01 0b001401 10000 100 104489 2002167109 96953 97623
0b002d01 0b002c01 10000 100 16771 2002296546 18995 19669
0b002501 0b004001 10000 100 8939 2002337031 18206 17496
0b004301 0b006c01 10000 100 2299831 2000293124 2074427 1938184
0b002201 0b004901 10000 100 8220 2002411255 16383 16921
0b000601 0b001e01 10000 100 9596 2002435258 17566 18060
0b006401 0b000501 10000 100 62240 2002464887 67734 62211
0b005701 0b007e01 10000 100 25378 2002508420 30662 31300
0b007f01 0b004c01 10000 100 78486 2002503839 75163 75822
0b007501 0b002d01 10000 100 72783 2002514118 70577 71029
0b005801 0b002f01 10000 100 1052870 2001696780 891682 892731
0b003201 0b005101 10000 100 64051 2002548682 63287 63736
0b003e01 0b005a01 10000 100 133419 2002562834 121205 121880
0b004201 0b003701 10000 100 38581 2002719680 41910 42362
0b003c01 0b000001 10000 100 71294 2002746131 73015 69800
0b006901 0b002701 10000 100 61148 2002771454 60852 61299
0b004f01 0b005301 10000 100 8478 2002868751 17563 17128
0b004001 0b004801 10000 100 1901 2002922674 11064 11597
0b000301 0b000801 10000 100 691728 2002377993 589258 589955
0b006c01 0b007201 10000 100 308965 2002698569 278921 269037
0b004c01 0b001901 10000 100 75681 2002988860 80378 73463
0b005f01 0b002d01 10000 100 106874 2002973984 108978 99608
0b001b01 0b000901 10000 100 13243 2003068252 20498 21132
0b005d01 0b001201 10000 100 959 2003157154 9872 10805
0b006c01 0b003201 10000 100 24960 2003186821 32097 30928
0b000001 0b000901 10000 100 21515 2003281567 62290 28056
0b005c01 0b006701 10000 100 1239196 2001127648 2226836 1048972
0b000f01 0b004701 10000 100 7989 2003350750 16193 16698
0b006a01 0b001201 10000 100 26978 2003343682 54557 32619
0b005e01 0b007f01 10000 100 3453 2003394813 12286 12916
0b002801 0b000f01 10000 100 10195 2003414251 17946 18578
0b004601 0b004301 10000 100 5056 2003454827 9205 9875
0b006001 0b003301 10000 100 36804 2003444908 70219 40864
0b004f01 0b001401 10001 100 52546 2003463146 53433 54072
0b000e01 0b005d01 10000 100 21794 2003583551 33396 28280
0b001a01 0b006501 10000 100 171361 2003502985 162450 153693
0b003101 0b004401 10000 100 20635 2003668692 30937 27314
0b001b01 0b000901 10001 100 677531 2003192413 595209 578060
0b004201 0b005601 10000 100 23588 2003769162 29154 29792
0b000e01 0b002501 10000 100 1253916 2001943826 1855743 1061286
0b001901 0b000001 10000 100 26711 2003918737 33043 32405
0b000d01 0b001701 10000 100 81496 2003897327 77685 78345
0b005301 0b004c01 10000 100 1437943 2002757438 1218396 1215573
0b003b01 0b003201 10000 100 44872 2003920893 83733 47625
0b002301 0b005f01 10000 100 3607704 2000987948 3038291 3034710
0b000201 0b003801 10000 100 14906 2004000544 34242 22500
0b006001 0b005e01 10000 100 56899 2003934913 108155 57708
0b006601 0b006c01 10000 100 1512047 2002219977 1827719 1277736
0b006001 0b007e01 10000 100 8694 2004021214 27229 17300
0b005b01 0b003801 10000 100 47168 2003996159 61425 49577
0b005d01 0b007d01 10000 100 79432 2003958057 112932 76617
0b007301 0b001c01 10000 100 8153 2004128117 16236 16868
0b002301 0b001201 10000 100 4221 2004188892 15851 13568
0b007201 0b001901 10000 100 25397 2004305185 30677 31316
0b004f01 0b002901 10000 100 63291 2004236232 114685 63090
0b001f01 0b001801 10000 100 9271 2004364568 21160 13400
0b003701 0b003001 10000 100 24486 2004452076 65332 26148
0b005101 0b003901 10000 100 1679 2004545814 10934 11420
0b007201 0b003401 10000 100 5906 2004553383 18963 14955
0b000d01 0b004301 10000 100 52515 2004533605 55036 54047
0b007501 0b003001 10000 100 138330 2004465356 169380 126001
0b001901 0b001c01 10000 100 27208 2004666634 27762 28441
0b004801 0b000801 10000 100 19304 2004749569 26344 26211
0b003f01 0b006e01 10000 100 3732371 2001305873 3541122 3139244
0b004f01 0b007201 10000 100 63098 2004857423 62282 62936
0b006001 0b006801 10000 100 397 2004913213 9425 10356
0b002f01 0b005601 10000 100 3734 2004922586 12511 13140
0b007901 0b000801 10000 100 4418 2004928055 13349 13726
0b006a01 0b002101 10000 100 2690850 2002709293 2286928 2266014
0b002e01 0b000a01 10000 100 22884 2005029200 30328 29190
0b004701 0b007101 10000 100 71167 2005054943 69041 69698
0b006e01 0b003f01 10000 100 44423 2005100656 48938 47266
0b001e01 0b004201 10000 100 859389 2004440343 729571 730535
0b000a01 0b002a01 10000 100 613154 2004667121 524511 524100
0b003401 0b006301 10000 100 29225 2005168166 42544 34532
0b004a01 0b006f01 10000 100 173150 2005080175 171213 155201
0b007501 0b004401 10000 100 79225 2005203485 75792 76452
0b007a01 0b000d01 10000 100 4065 2005295966 15822 13444
0b003b01 0b003501 10000 100 23975 2005272644 49024 30101
0b002301 0b004301 10000 100 16823 2005298671 30180 24111
0b006d01 0b003d01 10000 100 36574 2005320794 42107 40680
0b003d01 0b005301 10000 100 58274 2005243690 157420 58884
0b000701 0b001401 10000 100 5604 2005447194 14083 14713
0b007c01 0b004b01 10000 100 2872702 2003103002 2422574 2418484
0b002a01 0b007401 10000 100 43626 2005502814 63954 46590
