0b006101 0b003e01 10000 100 23014 2000017115 28907 29467 0 145899
0b00ac01 0b006c01 10000 100 66204 2000035738 66090 65911 0 408792
0b002501 0b003a01 10000 100 1202 2000272328 10465 11049 0 11586
0b003201 0b000101 10000 100 3135 2000292514 12101 12684 0 23756
0b00cd01 0b00b001 10000 100 236434 2000152287 217808 209575 0 1402584
0b00d001 0b001401 10000 100 36316 2000423908 40131 40680 0 224073
0b00dc01 0b000101 10000 100 48099 2000443783 49841 50635 0 286319
0b00fa01 0b009e01 10000 100 7805 2000600401 15745 16596 0 46708
0b000101 0b00ab01 10000 100 6557 2000624581 14974 15553 0 42430
0b00cf01 0b007901 10000 100 8334 2000630922 16485 17063 0 54475
0b00ff01 0b005901 10000 100 33390 2000950265 37383 38208 0 198684
0b00fe01 0b003801 10000 100 62487 2001012282 62625 62761 0 379783
0b003c01 0b00a301 10000 100 66926 2001009988 66736 66488 0 409386
0b009b01 0b00c801 10000 100 38986 2001205763 42357 42904 0 238357
0b006501 0b003001 10000 100 42167 2001229557 47630 45625 0 298508
0b002001 0b00d101 10000 100 54110 2001291133 55505 55708 0 335411
0b006f01 0b004c01 10000 100 78624 2001267195 81304 76375 0 482488
0b005f01 0b003601 10000 100 15041 2001384165 22166 22736 0 97025
0b005101 0b00e501 10000 100 44652 2001397057 47160 47701 0 274762
0b007601 0b00fc01 10000 100 47669 2001409375 49708 50247 0 293109
0b003501 0b00e301 10000 100 788038 2000788790 709486 675146 0 4771003
0b009f01 0b006201 10000 100 905477 2000834098 813750 774245 0 5486245
0b00c801 0b006e01 10000 100 2861 2001757877 11837 12420 0 18225
0b005e01 0b001001 10000 100 65884 2001792996 66068 65611 0 413607
0b00b101 0b005301 10000 100 13745 2001867789 21475 21612 0 87118
0b009701 0b000501 10000 100 166689 2001928453 155697 150699 0 1020404
0b008a01 0b007001 10000 100 7450 2002136908 16289 16312 0 48397
0b00c101 0b00a201 10000 100 70650 2002197119 69966 69644 0 424208
0b002b01 0b00db01 10000 100 1087738 2001317204 975806 928062 0 6598878
0b00ef01 0b001201 10000 100 40529 2002352549 43681 44227 0 242341
0b002b01 0b00e501 10000 100 6609 2002437465 14743 15595 0 40693
