0b006101 0b003e01 10000 100 23014 2000017115 29043 29467 0 146187
0b00ac01 0b006c01 10000 100 66204 2000035738 65743 65911 0 409671
0b002501 0b003a01 10000 100 1202 2000272328 10491 11049 0 11609
0b003201 0b000101 10000 100 3135 2000292514 12138 12684 0 23804
0b00cd01 0b00b001 10000 100 236434 2000152287 210409 209575 0 1450935
0b00d001 0b001401 10000 100 36316 2000423908 40353 40680 0 224769
0b00dc01 0b000101 10000 100 48099 2000443783 50087 50635 0 286909
0b00fa01 0b009e01 10000 100 7805 2000600401 15802 16596 0 46804
0b000101 0b00ab01 10000 100 6557 2000624581 15025 15553 0 42513
0b00cf01 0b007901 10000 100 8334 2000630922 16547 17063 0 54583
0b00ff01 0b005901 10000 100 33390 2000950265 37570 38208 0 199092
0b00fe01 0b003801 10000 100 62487 2001012282 62713 62761 0 380569
0b003c01 0b00a301 10000 100 66926 2001009988 66335 66488 0 410511
0b009b01 0b00c801 10000 100 38986 2001205763 42569 42904 0 238825
0b006501 0b003001 10000 100 42167 2001229557 48736 45625 0 290371
0b002001 0b00d101 10000 100 54110 2001291133 55533 55708 0 336108
0b006f01 0b004c01 10000 100 78624 2001267195 88654 76375 0 483316
0b005f01 0b003601 10000 100 15041 2001384165 22263 22736 0 97217
0b005101 0b00e501 10000 100 44652 2001397057 47401 47701 0 275301
0b007601 0b00fc01 10000 100 47669 2001409375 49965 50247 0 293687
0b003501 0b00e301 10000 100 788038 2000788790 679317 675146 0 4832773
