0b006101 0b003e01 10000 100 23014 2000017115 28695 29332
0b00ac01 0b006c01 10000 100 66204 2000035738 64881 65536
0b002501 0b003a01 10000 100 1202 2000272328 10409 11038
0b003201 0b000101 10000 100 3135 2000292514 12032 12661
0b00cd01 0b00b001 10000 100 236434 2000152287 207525 208248
0b00d001 0b001401 10000 100 36316 2000423908 39831 40473
0b00dc01 0b000101 10000 100 48099 2000443783 49713 50360
0b00fa01 0b009e01 10000 100 7805 2000600401 15920 16551
0b000101 0b00ab01 10000 100 6557 2000624581 14883 15514
0b00cf01 0b007901 10000 100 8334 2000630922 16381 17012
0b00ff01 0b005901 10000 100 33390 2000950265 37376 38017
0b00fe01 0b003801 10000 100 62487 2001012282 61755 62408
0b003c01 0b00a301 10000 100 66926 2001009988 65612 66113
0b009b01 0b00c801 10000 100 38986 2001205763 42043 42686
0b006501 0b003001 10000 100 42167 2001229557 47218 45384
0b002001 0b00d101 10000 100 54110 2001291133 54821 55400
0b006f01 0b004c01 10000 100 78624 2001267195 83403 75932
0b005f01 0b003601 10000 100 15041 2001384165 22013 22647
0b005101 0b00e501 10000 100 44652 2001397057 46803 47449
0b007601 0b00fc01 10000 100 47669 2001409375 49331 49978
0b003501 0b00e301 10000 100 788038 2000788790 669982 670728
0b009f01 0b006201 10000 100 905477 2000834098 768181 769172
0b00c801 0b006e01 10000 100 2861 2001757877 11775 12404
0b005e01 0b001001 10000 100 65884 2001792996 64601 65241
0b00b101 0b005301 10000 100 13745 2001867789 21760 21533
0b009701 0b000501 10000 100 166689 2001928453 149069 149764
0b008a01 0b007001 10000 100 7450 2002136908 17218 16267
0b002b01 0b00db01 10000 100 1087738 2001317204 920906 921969
0b00c101 0b00a201 10000 100 70650 2002197119 68590 69246
0b00ef01 0b001201 10000 100 40529 2002352549 43353 43997
0b002b01 0b00e501 10000 100 6609 2002437465 14925 15556
0b005c01 0b004101 10000 100 1689067 2001178338 1424924 1426149
0b003901 0b008e01 10000 100 1416112 2001323794 1308399 1197302
0b00b101 0b00c301 10000 100 125593 2002632272 114634 115312
0b007001 0b007e01 10000 100 2616 2002808422 7139 7808
0b004201 0b004601 10000 100 47609 2002817460 44843 45530
0b005401 0b007101 10000 100 721904 2002303418 614331 615248
0b00fe01 0b002f01 10000 100 13577 2003088169 31812 21399
0b007101 0b007201 10000 100 48765 2003174046 45806 46493
0b007901 0b000301 10000 100 11546 2003235089 19065 19697
0b002b01 0b005701 10000 100 24820 2003327650 30178 30816
0b00c601 0b00a901 10000 100 1458224 2002234746 1231393 1232604
0b006001 0b007a01 10000 100 60179 2003512216 59838 60485
0b003901 0b00de01 10000 100 1275805 2002398068 1190975 1079642
0b00bf01 0b00d901 10000 100 49142 2003756103 50585 51233
0b001101 0b001f01 10000 100 744973 2003193696 629220 630186
0b004901 0b001c01 10000 100 2361 2003815175 11959 12004
0b00bd01 0b00c601 10000 100 57125 2003868887 57469 57927
0b007501 0b004a01 10000 100 165484 2003838388 148075 148761
0b00d601 0b006f01 10000 100 3063305 2001152241 2846480 2578301
0b00bb01 0b002101 10000 100 76418 2003993805 73432 74091
0b007901 0b001e01 10000 100 6352 2004086660 14719 15350
0b001b01 0b002c01 10000 100 20456 2004099464 26535 27171
0b00f401 0b00ac01 10000 100 142049 2004051775 128431 129130
0b001301 0b002c01 10000 100 145019 2004125091 130935 131621
0b005301 0b003701 10000 100 4766042 2000461060 4004009 4005886
0b007601 0b002601 10000 100 52019 2004452274 53007 53650
0b009e01 0b00e301 10000 100 34801 2004519358 38543 39184
0b00ee01 0b00a701 10000 100 147073 2004449397 132640 133341
0b006c01 0b004901 10000 100 140899 2004338506 261986 128133
0b00b901 0b00a801 10000 100 3610776 2001635663 3035240 3037283
0b003001 0b003201 10000 100 4826274 2000684923 4051398 4051976
0b00a001 0b002601 10000 100 195854 2004643580 173503 174209
0b009301 0b00da01 10000 100 28638 2004800341 33384 34024
0b00ff01 0b00ef01 10000 100 3184 2004831917 12883 12700
0b00ec01 0b00b701 10000 100 2323 2004858700 11344 11973
0b001701 0b007701 10000 100 14736 2004885203 21736 22364
0b006501 0b009a01 10000 100 6141 2005042042 14551 15181
0b000401 0b003701 10000 100 23980 2005073968 29468 30105
0b006b01 0b00e901 10000 100 33100 2005069200 37144 37785
0b000101 0b006301 10000 100 5676 2005128680 14141 14771
0b007001 0b00d301 10000 100 4011 2005139976 12771 13400
0b007301 0b009301 10000 100 29356 2005125269 33997 34636
0b005701 0b009101 10000 100 31424 2005165403 35727 36368
0b008e01 0b006a01 10000 100 1359893 2004063587 1148966 1150138
0b002e01 0b007401 10000 100 26851 2005186705 54232 32517
0b000901 0b009701 10000 100 590 2005261277 9390 10510
0b008801 0b006601 10000 100 2575079 2003179579 2167458 2168981
0b007c01 0b005201 10000 100 4760 2005359947 13370 14000
0b009901 0b000901 10000 100 27183 2005412354 32182 32821
0b008b01 0b006d01 10000 100 19401 2005468018 41080 26288
0b000701 0b00f401 10000 100 367253 2005226007 333863 317933
0b003b01 0b008c01 10000 100 1437108 2004347011 1213858 1214905
0b008701 0b00f601 10000 100 73158 2005508627 70884 71368
0b00c101 0b00e701 10000 100 16356 2005675489 23103 23737
0b001f01 0b00f801 10000 100 76136 2005745237 73207 73865
0b000b01 0b001901 10000 100 31600 2005806085 35896 36508
0b007d01 0b00cc01 10000 100 1057402 2004964525 895627 896548
0b000c01 0b00ef01 10000 100 5281 2005919699 13825 14455
0b00f901 0b002501 10000 100 44494 2005862953 83567 47323
0b007001 0b003701 10000 100 573859 2005472904 490345 491128
0b00e601 0b00e301 10000 100 8567 2006051360 12127 12799
0b003f01 0b00e401 10000 100 385560 2005780629 332659 333270
0b009801 0b009301 10000 100 8213 2006243076 18705 12516
0b005801 0b004c01 10000 100 1830179 2004755247 1543199 1544453
0b005601 0b00be01 10000 100 16997 2006296569 25086 24250
0b00a301 0b00c601 10000 100 1511888 2005118638 1276546 1277571
0b004001 0b00f101 10000 100 74653 2006357792 71944 72602
0b005701 0b003601 10000 100 6178 2006421385 14580 15211
0b001f01 0b00bd01 10000 100 184847 2006278819 164279 164981
0b000201 0b003101 10000 100 58021 2006637704 58141 58682
0b00d601 0b009f01 10000 100 45475 2006660237 47500 48146
0b00ea01 0b007b01 10000 100 25119 2006709035 30455 31093
0b008601 0b00a001 10000 100 63512 2006739393 62613 63267
0b00cf01 0b004901 10000 100 9500 2006827839 25036 17984
0b006f01 0b00a601 10000 100 55030 2006781125 101649 56174
0b000301 0b009a01 10000 100 41485 2006844844 44156 44800
0b00a701 0b001a01 10000 100 1931190 2005266567 1627750 1629140
0b002901 0b004a01 10000 100 27558 2006923411 32926 33121
0b005b01 0b00d701 10000 100 1824508 2005484998 1538328 1539686
0b007001 0b00a801 10000 100 27043 2007026731 32070 32709
0b00b501 0b00da01 10000 100 31474 2007079696 35767 36408
0b004e01 0b007601 10000 100 7578 2007168080 21388 16369
0b005c01 0b006601 10000 100 55158 2007240095 55636 56276
0b00b001 0b006c01 10000 100 4457 2007367850 13025 13757
0b00f501 0b00a401 10000 100 5858531 2002474852 4918949 4921810
0b003201 0b004401 10000 100 123768 2007483398 198545 113776
0b00f401 0b001d01 10000 100 3977559 2004374523 3359879 3344802
0b00c401 0b007301 10000 100 440114 2007383583 378221 379025
0b009b01 0b001801 10000 100 59430 2007784353 59367 59848
0b00ab01 0b00fe01 10000 100 1666142 2006490493 1405640 1406926
0b007001 0b008601 10000 100 730077 2007307046 621221 622132
0b003c01 0b009501 10000 100 1524214 2006672576 1286689 1287931
0b00ee01 0b00fe01 10000 100 7887 2008070624 15985 16616
0b007a01 0b007401 10000 100 4668253 2004157272 3939463 3919492
0b000301 0b002601 10000 100 486714 2007791212 417369 418072
0b005401 0b002201 10000 100 25634 2008246293 30867 31505
0b008301 0b007701 10000 100 76078 2008271065 73177 73819
0b001001 0b00f501 10000 100 36609 2008338823 40065 40708
0b000b01 0b003201 10000 100 2376219 2006526989 2006501 2002252
0b009801 0b00c301 10000 100 2706591 2006234645 2381167 2279221
0b009c01 0b00f501 10000 100 38243 2008627208 41627 42092
0b003501 0b001501 10000 100 42291 2008697032 44839 45484
0b005e01 0b008901 10000 100 8936 2008758562 18215 17494
0b00ba01 0b004401 10000 100 8524838 2001279554 7709540 7157230
0b005a01 0b006a01 10000 100 404853 2008786220 348644 349434
0b00ac01 0b002d01 10000 100 87370 2009116837 82612 83275
0b00ce01 0b00c201 10000 100 1452346 2008010941 1222023 1223272
0b00b001 0b00e101 10000 100 1048414 2008347157 888173 889012
0b00f101 0b00ea01 10000 100 9571 2009287936 17409 18040
0b00a101 0b000101 10000 100 1746132 2007875429 1472663 1473990
0b004801 0b006d01 10000 100 36385 2009402487 40091 40528
0b009b01 0b004201 10000 100 52641 2009428869 53499 54148
0b00a801 0b00a601 10000 100 73713 2009431804 66714 67412
0b00e701 0b006901 10000 100 2252978 2007657637 1897368 1898897
0b00b001 0b006501 10000 100 18152 2009585806 24783 25251
0b006d01 0b00a301 10000 100 30532 2009583813 34975 35616
0b00cb01 0b009201 10000 100 2051670 2007918130 1728684 1730132
0b007d01 0b002c01 10000 100 4842 2009635224 13435 14065
0b002e01 0b00a201 10000 100 78388 2009801513 75254 75744
0b009d01 0b004901 10000 100 7191111 2003308881 6571815 6039061
0b004501 0b00f201 10000 100 2199363 2008222416 1852617 1853970
0b001601 0b00dd01 10000 100 14179 2010141748 23077 21919
0b002301 0b001201 10000 100 205191 2010052560 181353 182063
0b00c101 0b003c01 10000 100 2956612 2008013978 2558604 2488838
0b00dd01 0b005701 10000 100 642 2010577372 10073 10552
0b001301 0b002501 10000 100 6932497 2004485299 6114257 5822224
0b005701 0b008f01 10000 100 797752 2009943935 677944 678844
0b006201 0b002601 10000 100 1586 2010719427 10451 11345
0b006901 0b000401 10000 100 806396 2010065616 685165 686105
0b009801 0b00b701 10000 100 73467 2010713970 131994 71615
0b006401 0b00cb01 10000 100 5558 2010855782 14046 14676
0b006f01 0b00ff01 10000 100 7898750 2002306724 8631312 6632321
0b009e01 0b006501 10000 100 23712 2010932342 29253 29891
0b00ce01 0b000401 10000 100 23363 2010948414 29071 29612
0b002801 0b005e01 10000 100 6576964 2005479434 5521292 5524128
0b000c01 0b005201 10000 100 2845 2011009109 11762 12391
0b003001 0b007601 10000 100 54050 2010969769 54702 55352
0b008b01 0b002f01 10000 100 9488438 2003052288 7976989 7965128
0b00f301 0b00b701 10000 100 21195 2011056260 27356 27800
0b009a01 0b004901 10000 100 1052 2011114128 10091 10918
0b002101 0b004701 10000 100 141640 2010997535 128080 128764
0b009901 0b000a01 10000 100 69514 2011096576 67629 68299
0b007b01 0b001e01 10000 100 1304531 2010138344 1102642 1103736
0b00ef01 0b00e501 10000 100 706 2011271743 5300 6203
0b002301 0b008401 10000 100 6255 2011264633 14642 15272
0b004f01 0b00df01 10000 100 1252897 2010288801 1059695 1060432
0b00fd01 0b00c001 10000 100 29407 2011325121 59862 34677
0b006e01 0b00fb01 10000 100 6030 2011380921 15744 15092
0b00aa01 0b003701 10000 100 34029 2011377476 37925 38567
0b006c01 0b00f701 10000 100 10977802 2002306766 9327160 9213796
0b00ff01 0b006401 10000 100 41609 2011599519 44255 44900
0b005701 0b000001 10000 100 52682 2011594810 55997 54180
0b005001 0b002301 10000 100 25778 2011666930 30982 31620
0b009d01 0b00b301 10000 100 7785 2011697670 21883 16535
0b000d01 0b00b301 10000 100 853868 2011059880 731635 725888
0b007201 0b002c01 10000 100 131223 2011721965 119366 120047
0b003f01 0b00e201 10000 100 46115 2011813217 48050 48696
0b00ce01 0b008501 10000 100 534494 2011398187 480354 458139
0b00c001 0b003901 10000 100 55036 2011833489 85830 56179
0b00d101 0b005101 10000 100 25657 2011897825 30871 31524
0b00ee01 0b001701 10000 100 15761 2011979746 22589 23223
0b004501 0b006701 10000 100 1218687 2011111424 1030728 1031759
0b00bb01 0b004301 10000 100 1065420 2011273162 902216 903270
0b00eb01 0b00c501 10000 100 334851 2011963048 289983 290744
0b009a01 0b00a501 10000 100 1520197 2010972574 1284244 1284564
0b00d801 0b002101 10000 100 190253 2012189004 168832 169536
0b00ef01 0b00fd01 10000 100 25355 2012407442 50147 31282
0b008a01 0b006701 10000 100 25552 2012401913 91731 31440
0b00ff01 0b00df01 10000 100 17885 2012525893 24560 24999
0b000e01 0b009601 10000 100 27906 2012672557 56027 33400
0b00ee01 0b00ef01 10000 100 8878 2012777523 12376 13048
0b004701 0b00e201 10000 100 11560 2012899603 19179 19708
0b007101 0b008801 10000 100 6571 2012996586 15329 15525
0b00d001 0b00bf01 10000 100 19512 2013068398 25741 26377
0b001d01 0b003801 10000 100 1161234 2012214986 982951 983608
0b009001 0b00c001 10000 100 4154872 2009759922 3518456 3493449
0b006801 0b00ec01 10000 100 108809 2013314092 100561 101232
0b00ec01 0b00b501 10000 100 48866 2013426342 50334 50974
0b000e01 0b004601 10000 100 1740187 2011514356 1976631 1469004
0b00ae01 0b008401 10000 100 56382 2013438553 56643 57294
0b006701 0b00f501 10000 100 26679 2013634228 31922 32380
0b007a01 0b00eb01 10000 100 8306 2013687151 16923 16990
0b003701 0b003d01 10000 100 39987 2013643153 83677 39125
0b001c01 0b000f01 10000 100 128589 2013645132 117387 117824
0b00c401 0b00b001 10000 100 2894212 2011370778 2434803 2436537
0b003301 0b001b01 10000 100 1105683 2012869868 936071 937016
0b006701 0b00e501 10000 100 23965 2013784676 29456 30093
0b00c401 0b003f01 10000 100 3049 2013814894 11963 12592
0b00d401 0b009501 10000 100 1561564 2012530921 1318172 1319232
0b001f01 0b003701 10000 100 464959 2012867691 1002330 399823
0b00a201 0b007b01 10000 100 1615571 2012514080 1363472 1364511
0b00b801 0b009201 10000 100 69108 2013855320 67318 67974
0b000801 0b00fd01 10000 100 5210681 2009278248 4660479 4378647
0b001d01 0b005401 10000 100 70455 2013865640 127047 69090
0b009801 0b007701 10000 100 6510728 2008412303 5624350 5468604
0b00b701 0b00ad01 10000 100 30846 2014038784 35227 35867
0b000001 0b002f01 10000 100 15377 2014070987 34187 22916
0b006f01 0b007e01 10000 100 6066276 2007174698 6970291 5095993
0b009101 0b008c01 10000 100 62601 2014040127 113764 62500
0b001d01 0b005e01 10000 100 28425 2014169406 33368 33853
0b000001 0b00cd01 10000 100 11542390 2004521247 9697318 9687163
0b00fd01 0b00be01 10000 100 75210 2014248868 76343 73086
0b00ef01 0b00cf01 10000 100 18302 2014364704 39129 25371
0b007901 0b00f201 10000 100 58617 2014351522 107152 59159
0b00bd01 0b001601 10000 100 66758 2014365650 121311 65979
0b00ef01 0b006901 10000 100 1132121 2013531042 973486 959204
0b00c101 0b007401 10000 100 28071 2014523845 36736 33570
0b009d01 0b004c01 10000 100 1622235 2013272552 1368834 1370111
0b006a01 0b00fa01 10000 100 1505106 2013390658 1270891 1271915
0b00f101 0b008d01 10000 100 1765857 2013193300 1489165 1490500
0b004401 0b005e01 10000 100 49690 2014665883 51024 51672
0b00e001 0b004801 10000 100 8243 2014708323 17242 16940
0b003601 0b00a801 10000 100 4014212 2011388763 3393286 3375545
0b00c701 0b003701 10000 100 2133075 2012019099 2782151 1798405
0b00c101 0b005901 10000 100 24056 2014787375 34161 30204
0b00cc01 0b002601 10000 100 66496 2014808509 65115 65769
0b00f001 0b006e01 10000 100 9517994 2006922864 7985780 7989886
0b00cb01 0b006601 10000 100 1444336 2013692112 1219957 1220956
0b007601 0b004601 10000 100 1930280 2012691073 2230869 1628374
0b00fe01 0b00ea01 10000 100 523086 2014526544 447753 448590
0b00bc01 0b00e901 10000 100 2503906 2011219225 3763024 2109278
0b00a001 0b008e01 10000 100 27542 2014953884 32469 33108
0b00d301 0b00e501 10000 100 21870 2014950704 47359 28340
0b002201 0b00ef01 10000 100 5681 2015043561 14933 14775
0b006401 0b00b301 10000 100 2243 2015109283 11280 11909
0b005f01 0b00b801 10000 100 75704 2015115014 73027 73481
0b00af01 0b005401 10000 100 1981356 2013080387 2171485 1671193
0b003b01 0b00f201 10000 100 1070523 2014156309 1160766 907544
0b00bc01 0b000801 10000 100 3860573 2009048944 6338210 3246720
0b005801 0b004b01 10000 100 5358 2015421976 13886 14516
0b00f801 0b006001 10000 100 623 2015442799 9457 10536
0b007a01 0b00a601 10000 100 73708 2015448941 71150 71808
0b005801 0b007d01 10000 100 26044 2015525209 52788 31872
0b008501 0b00c101 10000 100 6494818 2009854173 5750858 5455262
0b000601 0b00c901 10000 100 72153 2015550531 69920 70525
0b00da01 0b00f401 10000 100 8084487 2008840934 6784543 6788053
0b009d01 0b008e01 10000 100 751525 2015013537 639376 640096
0b001f01 0b004201 10000 100 64840 2015695436 63714 64368
0b00c401 0b004a01 10000 100 43260 2015696372 81267 46297
0b00c301 0b008901 10000 100 1908077 2014171414 1608726 1609767
0b006301 0b005101 10000 100 31182 2015758015 35533 36174
0b00b101 0b001a01 10000 100 812555 2015139346 695492 691263
0b008501 0b005301 10000 100 21019 2015842999 27033 27660
0b00d501 0b004a01 10000 100 6516097 2010454902 5506374 5473130
0b006801 0b006c01 10000 100 52703 2015935473 49108 49797
0b00b101 0b009501 10000 100 101051 2015892829 106861 94757
0b001001 0b00b101 10000 100 365880 2015777461 323618 316758
0b007001 0b00aa01 10000 100 6857 2016198512 15123 15754
0b00d301 0b007701 10000 100 1250591 2014771279 1458516 1058511
0b009501 0b004a01 10000 100 73675 2016159093 71330 71781
0b006101 0b007401 10000 100 78624 2016191613 75273 75932
0b00e001 0b009c01 10000 100 65282 2016333221 64306 64760
0b003001 0b00ce01 10000 100 16093 2016416266 22892 23527
0b008f01 0b004101 10000 100 788141 2015782289 670075 670810
0b009a01 0b00f501 10000 100 18636 2016439727 25003 25638
0b003101 0b00be01 10000 100 21386 2016632265 29069 27953
0b005b01 0b006601 10000 100 1553142 2015422604 1311144 1312187
0b001901 0b00d101 10000 100 49099 2016666009 91564 51199
0b005a01 0b00e601 10000 100 1666924 2015491481 1406342 1407552
0b003d01 0b003601 10000 100 1866181 2015330386 1568823 1570237
0b008f01 0b007c01 10000 100 15662 2016896764 22767 23144
0b005e01 0b007201 10000 100 1363234 2015859604 1152218 1152964
0b00d501 0b00bf01 10000 100 38245 2017047349 43947 42093
0b002601 0b003201 10000 100 9056 2017116351 16997 17628
0b00f701 0b00ea01 10000 100 592842 2016645651 506229 507044
0b00e301 0b006901 10000 100 56869 2017121614 57033 57684
0b005f01 0b00b901 10000 100 1135439 2016252217 961049 961973
0b001001 0b006f01 10000 100 1919 2017387852 10983 11612
0b00d301 0b005001 10000 100 319838 2016985789 569038 278158
0b00bf01 0b001c01 10000 100 1007220 2016725892 855479 854483
0b009101 0b009301 10000 100 8657643 2010405323 7312525 7264181
0b001401 0b009001 10000 100 44350 2017744513 46562 47208
0b00b001 0b004201 10000 100 1806527 2016323133 1523269 1524610
0b004601 0b00f601 10000 100 100162 2017815584 93401 94008
0b00ec01 0b00a501 10000 100 1958614 2016316878 1650705 1652116
0b00fd01 0b00b601 10000 100 76736 2017996494 73890 74345
0b00d201 0b000c01 10000 100 1552749 2016764728 1310595 1311834
0b00e701 0b009f01 10000 100 29567 2018142826 34165 34805
0b008f01 0b00af01 10000 100 6037 2018255498 17077 15098
0b000801 0b006401 10000 100 2317899 2016256449 2060678 1953330
0b00de01 0b00d101 10000 100 2782183 2015619152 2771386 2338213
0b004b01 0b001b01 10000 100 841472 2016845035 1570388 715510
0b002d01 0b00b701 10000 100 2210989 2016768018 1862191 1863693
0b000b01 0b009101 10000 100 25319 2018617013 30824 31253
0b002901 0b003b01 10000 100 71507 2018607912 69320 69970
0b006b01 0b007d01 10000 100 1224073 2016447834 2380857 1036298
0b001001 0b00a901 10000 100 133495 2018713689 121452 121941
0b00aa01 0b005b01 10000 100 1863 2018922970 10938 11567
0b00c501 0b00dd01 10000 100 1181063 2017963967 1019263 1000239
0b004001 0b00dd01 10000 100 76666 2018932792 94585 74289
0b000f01 0b00c601 10000 100 2530930 2015825760 3272383 2131934
0b007901 0b007d01 10000 100 6318 2019121479 11928 10923
0b00ca01 0b00f601 10000 100 8836 2019174271 17409 17414
0b003401 0b003801 10000 100 30391 2019167271 30423 31103
0b005901 0b002e01 10000 100 1424043 2018058502 1202991 1203954
0b00b501 0b009d01 10000 100 1125216 2018484030 952343 953411
0b006a01 0b00bb01 10000 100 1062747 2018549002 899963 901016
0b00f001 0b008401 10000 100 5099381 2015172853 4282687 4285344
0b00ed01 0b004001 10000 100 4832 2019454615 13438 14057
0b008501 0b001901 10000 100 3258942 2016763258 2740575 2742299
0b006401 0b00b101 10000 100 3981739 2016200517 3455238 3348300
0b008401 0b005e01 10000 100 77321 2019592568 74394 74852
0b009201 0b00bc01 10000 100 58109 2019603581 147120 58752
0b004e01 0b001601 10000 100 19780516 2002585348 17166205 16594003
0b005001 0b005a01 10000 100 32677 2019727496 32327 33008
0b007c01 0b002901 10000 100 182758 2019624159 162539 163233
0b00d801 0b00f701 10000 100 7656 2019907664 15933 16432
0b001a01 0b008101 10000 100 20956 2019910005 26837 27571
0b00da01 0b008d01 10000 100 2001941 2018338830 1687391 1688429
0b003a01 0b00dc01 10000 100 3876964 2016570541 3476155 3260448
0b00cf01 0b006201 10000 100 119695 2019973246 109688 110364
0b001e01 0b00fc01 10000 100 7711753 2013663596 6472295 6475543
0b00c901 0b007e01 10000 100 2728518 2017962922 2296220 2297608
0b00b701 0b007301 10000 100 28977 2020240849 36944 34295
0b00d201 0b00dc01 10000 100 9918 2020409509 21002 13918
0b009e01 0b001501 10000 100 68236 2020447073 73593 67238
0b00d301 0b004c01 10000 100 4876303 2015578972 4950268 4098319
0b007c01 0b007201 10000 100 78113 2020548622 70424 71124
0b004801 0b009a01 10000 100 17696 2020585522 51196 24848
0b007901 0b004d01 10000 100 25883 2020718167 31073 31704
0b00de01 0b00ca01 10000 100 1542520 2018634121 2149662 1303267
0b00a801 0b005701 10000 100 7605934 2014380474 6404736 6386817
0b00c601 0b00da01 10000 100 182305 2020648593 168432 162871
0b00a001 0b003901 10000 100 39526 2020786821 42529 43156
0b008801 0b00bb01 10000 100 44181 2020812289 46427 47072
0b00e201 0b00ac01 10000 100 58076 2020906928 58075 58726
0b005c01 0b009d01 10000 100 21371 2020994185 44357 27941
0b006d01 0b000801 10000 100 6850457 2009947166 11128714 5753444
0b000101 0b002201 10000 100 5860554 2016094702 4991976 4923505
0b00d901 0b009e01 10000 100 48298 2021010104 93174 50520
0b005c01 0b00c601 10000 100 2620197 2016988496 4163465 2206804
0b00be01 0b00f001 10000 100 19980 2021125957 42372 26752
0b004801 0b007d01 10000 100 8899112 2011561651 9793769 7471049
0b008f01 0b001101 10000 100 20348 2021442433 26448 27084
0b00a701 0b00b601 10000 100 56689 2021451427 56977 57540
0b001e01 0b00a601 10000 100 1396066 2020307201 1212869 1180497
0b008701 0b00f201 10000 100 241618 2021317996 212065 212587
0b003e01 0b00fb01 10000 100 42666 2021793197 80154 45784
0b00e301 0b00da01 10000 100 9773 2021885253 17570 18202
0b00dc01 0b005401 10000 100 38408 2021867412 41580 42224
0b008d01 0b00d101 10000 100 2788 2021976414 11716 12345
0b00c801 0b00cd01 10000 100 8293584 2015060796 6954971 6958956
0b009501 0b00e301 10000 100 49866 2021966352 51200 51812
0b002c01 0b00b101 10000 100 8211 2022100421 16283 16914
0b00f601 0b00be01 10000 100 42612 2022108194 47253 45740
0b009a01 0b004f01 10000 100 65320 2022247505 67506 64790
0b008201 0b001c01 10000 100 494920 2021923274 446666 424944
0b003001 0b009301 10000 100 63043 2022353277 62439 62892
0b00ff01 0b000c01 10000 100 2197080 2020781973 1850715 1852067
0b006e01 0b007301 10000 100 142789 2022632961 129048 129722
0b00f801 0b00c701 10000 100 32011 2023161089 36408 36876
0b006401 0b005901 10000 100 33470 2023209959 37599 38081
0b005601 0b000801 10000 100 2664231 2016667876 6707636 2243720
0b001f01 0b00f201 10000 100 2590 2023393560 11796 12187
0b001c01 0b00fa01 10000 100 5519097 2018797866 4658073 4637245
0b000e01 0b001d01 10000 100 36587 2023463222 42385 40690
0b00f201 0b00a301 10000 100 22845 2023506096 32844 29159
0b001701 0b00e001 10000 100 3464 2023548716 12415 12924
0b000701 0b001501 10000 100 20566 2023545577 43677 27259
0b007401 0b00fd01 10000 100 1246098 2022371800 1240784 1054763
0b000801 0b000201 10000 100 4534 2023617302 8749 9419
0b00a601 0b00b701 10000 100 293479 2022881013 754755 256072
0b001b01 0b00dd01 10000 100 21581 2023631178 28985 28109
0b00dc01 0b009501 10000 100 3415 2023649381 14586 12885
0b00aa01 0b00cb01 10000 100 66371 2023780735 65015 65669
0b00db01 0b00d301 10000 100 15151470 2010376405 13506893 12708612
0b00d201 0b009e01 10000 100 4399055 2019956431 3999397 3698204
0b00f801 0b002a01 10000 100 5516 2023948901 19038 14643
0b00bc01 0b009a01 10000 100 8000017 2016910436 7076704 6717252
0b001a01 0b007c01 10000 100 15173 2024056331 22532 22752
0b000401 0b00ba01 10000 100 41704 2024046301 46384 44976
0b00eb01 0b001f01 10000 100 3737317 2020953827 3141420 3143392
0b006301 0b00bb01 10000 100 91932 2023957393 162864 87078
0b008301 0b000a01 10000 100 41607 2024101343 48886 44898
0b008d01 0b00f101 10000 100 75939 2024086996 73021 73669
0b005201 0b00ad01 10000 100 6581730 2018638902 5525286 5528132
0b00ba01 0b002701 10000 100 970798 2023384398 825188 823924
0b002c01 0b006e01 10000 100 23804 2024194545 29371 29964
0b00c801 0b001a01 10000 100 27164 2024334832 32167 32806
0b002001 0b009a01 10000 100 21687 2024507913 27557 28194
0b006701 0b00b101 10000 100 168382 2024390212 150499 151195
0b005301 0b00ea01 10000 100 4100474 2021136558 3445768 3447857
0b006401 0b00cf01 10000 100 39935 2024586992 43263 43484
0b006f01 0b002a01 10000 100 4287489 2021039489 3606948 3604650
0b001e01 0b005a01 10000 100 4848 2024696806 13534 14070
0b007a01 0b008c01 10000 100 106243 2024628391 98440 99103
0b002001 0b00ce01 10000 100 90343 2024721844 85104 85768
0b006301 0b005e01 10000 100 3803962 2021715969 3274328 3199243
0b001d01 0b000101 10000 100 6117887 2019560687 5434330 5139240
0b002101 0b00f601 10000 100 63781 2024953818 62829 63482
0b005101 0b00a101 10000 100 62553 2025099831 61998 62461
0b006b01 0b003401 10000 100 141259 2025042167 127775 128460
0b00e701 0b007701 10000 100 664660 2024657603 566574 567264
0b008e01 0b006901 10000 100 56544 2025193604 56773 57424
0b001401 0b00f401 10000 100 1753920 2023771688 1479160 1480489
0b00a601 0b00ca01 10000 100 3896191 2018932282 6401319 3276597
0b006a01 0b005701 10000 100 11286 2025387262 18895 19489
0b007d01 0b00a801 10000 100 40435 2025393679 43424 43922
0b00df01 0b00e101 10000 100 21871 2025508090 27863 28341
0b009801 0b00fe01 10000 100 21948 2025551314 29139 28403
0b008201 0b009801 10000 100 38436 2025539386 42582 42246
0b00fd01 0b009901 10000 100 77576 2025454246 138635 75056
0b00be01 0b008a01 10000 100 28872663 2000076958 25517226 24216853
0b00ba01 0b008701 10000 100 230905 2025450101 202880 203594
0b00e401 0b009c01 10000 100 1155465 2024682716 977880 978762
0b00a901 0b004c01 10000 100 6964 2025705107 15209 15840
0b00af01 0b005601 10000 100 66296 2025732670 126267 65609
0b007f01 0b00b501 10000 100 23531 2025819174 119645 29746
0b001b01 0b00e101 10000 100 48942 2025927671 52076 51035
0b00dc01 0b00ee01 10000 100 3627199 2022763295 3349092 3051074
0b00af01 0b007601 10000 100 1606922 2024633681 1480664 1357246
0b001a01 0b00bc01 10000 100 6528 2026242981 19396 15491
0b003d01 0b005d01 10000 100 4110499 2022327329 3975824 3456261
0b005401 0b007001 10000 100 16010 2026282350 23017 23460
0b003c01 0b002501 10000 100 5395 2026299820 18203 14546
0b00f301 0b002e01 10000 100 49247 2026558704 50862 51317
0b007101 0b002901 10000 100 1393540 2025440516 1177355 1178361
0b006401 0b006e01 10000 100 50640 2026646039 47382 48070
0b007c01 0b008d01 10000 100 5687 2026763081 18281 14780
0b00d101 0b00ea01 10000 100 33775 2026846041 51100 38325
0b000901 0b008501 10000 100 9827 2026965944 34018 18245
0b00ed01 0b008301 10000 100 76695 2026908066 139649 74312
0b004f01 0b008301 10000 100 4710369 2023063447 4023149 3959197
0b003d01 0b000b01 10000 100 35016 2027073242 38753 39395
0b004901 0b001a01 10000 100 5439 2027146065 13972 14581
0b007d01 0b00ef01 10000 100 455369 2026752861 411782 391805
0b008801 0b001901 10000 100 75300 2027093921 76080 73158
0b00bf01 0b001c01 10001 100 257564 2026993667 225339 225958
0b001001 0b005a01 10000 100 977717 2026338780 901027 829728
0b003d01 0b006801 10000 100 21107 2027273278 44483 27730
0b00ee01 0b00f801 10000 100 4116513 2023826346 3570418 3461303
0b00a001 0b00d801 10000 100 148244 2027315944 133629 134316
0b00a901 0b006201 10000 100 927972 2026671020 787023 788012
0b00fc01 0b004401 10000 100 79590 2027376401 84137 76744
0b00b001 0b005701 10000 100 829929 2026895431 704855 705815
0b00dd01 0b001f01 10000 100 63928 2027589893 63116 63600
0b006c01 0b00ea01 10000 100 1078623 2025931540 1816560 914332
0b000b01 0b00c101 10000 100 4625 2027800179 12996 13892
0b002e01 0b00cb01 10000 100 41505 2027809143 44172 44816
0b00b801 0b007f01 10000 100 3235253 2021937741 5934796 2722464
0b006c01 0b005501 10000 100 2666953 2024777865 3148180 2245975
0b000901 0b001b01 10000 100 6910543 2016531973 11409857 5803816
0b008201 0b00bd01 10000 100 8931 2027948819 24211 17490
0b004e01 0b000901 10000 100 164384 2027836757 155178 147843
0b00ad01 0b006b01 10000 100 734319 2027368413 624763 625679
0b002e01 0b006a01 10000 100 3461 2028013431 12293 12922
0b00a701 0b00d801 10000 100 118779 2027984002 109113 109592
0b009301 0b00e701 10000 100 48881 2028048379 50339 50986
0b000201 0b00a501 10000 100 20561 2028085482 26736 27255
0b002c01 0b009501 10000 100 7420 2028106798 15782 16243
0b001201 0b004401 10000 100 109018 2028022770 100774 101438
0b008201 0b00b601 10000 100 676940 2027604294 584543 577548
0b00cd01 0b004501 10000 100 629400 2027661029 536842 537712
0b00bb01 0b00fc01 10000 100 1749750 2026720786 1479556 1477000
0b007301 0b008c01 10000 100 36431 2028174486 69910 40565
0b002101 0b002701 10000 100 1769362 2026857598 1487681 1489057
0b003c01 0b003301 10000 100 185437 2028051812 315533 161092
0b003c01 0b006801 10000 100 7059637 2022297517 6085322 5928813
0b00c401 0b00e401 10000 100 964626 2027728374 817743 818756
0b00d901 0b007e01 10000 100 1968739 2026909122 1659193 1660600
0b002801 0b005601 10000 100 797066 2027866345 713388 678296
0b001c01 0b00d801 10000 100 30183 2028559367 34904 35336
0b00a401 0b00e501 10000 100 25668 2028700511 30894 31532
0b009701 0b00a701 10000 100 2233 2028789595 11371 11901
0b007b01 0b006401 10000 100 50738 2028798183 51993 52548
0b00a701 0b00f901 10000 100 34056 2028894166 37933 38588
0b001901 0b001501 10000 100 7514090 2022628780 6319025 6305448
0b003501 0b00c501 10000 100 10075 2028937700 18273 18482
0b005d01 0b006701 10000 100 177460 2028660563 306355 158803
0b00ef01 0b000601 10000 100 306798 2028473040 523342 267227
0b000c01 0b003301 10000 100 658125 2028461570 560914 561805
0b00fd01 0b00f701 10000 100 51668 2028948451 90851 48931
0b003401 0b003c01 10000 100 48716 2029026883 45767 46454
0b003901 0b006d01 10000 100 17119 2029054295 23751 24386
0b005d01 0b00b701 10000 100 10049124 2019998814 9145987 8435219
0b006701 0b008c01 10000 100 1269835 2028047767 1104051 1074636
0b008401 0b00af01 10000 100 34031 2029133692 65791 38568
0b00c501 0b00c101 10000 100 55 2029466865 4258 5682
0b007c01 0b00a301 10000 100 3470226 2023144679 6524771 2919467
0b00f101 0b007a01 10000 100 333770 2029382785 289114 289841
0b006a01 0b00b201 10000 100 586005 2029237216 500487 501344
0b000401 0b008801 10000 100 19148 2029719413 25450 26086
0b004101 0b000901 10000 100 8011 2029729875 17255 16754
0b000301 0b00ee01 10000 100 2781691 2027505788 2340643 2342181
0b000b01 0b003401 10000 100 7385 2029887995 15821 16215
0b006101 0b008401 10000 100 812161 2029228119 689995 690948
0b005501 0b003a01 10000 100 185875 2029259570 711231 165842
0b00fd01 0b003501 10000 100 11818596 2019911148 10080325 9918726
0b004501 0b007601 10000 100 20639 2030206890 26681 27317
0b001301 0b000d01 10000 100 8703246 2022919406 7378067 7306830
0b006a01 0b00b901 10000 100 10425 2030348052 18130 18762
0b00f301 0b002601 10000 100 963555 2029577231 816848 817861
0b00cf01 0b003f01 10000 100 14613 2030367529 33049 22266
0b00a001 0b003601 10000 100 21379 2030424961 28677 27948
0b004901 0b006b01 10000 100 5351 2030541362 13867 14511
0b00c101 0b00e201 10000 100 35653 2030577511 39262 39904
0b006001 0b00fa01 10000 100 23171 2030648969 31581 29458
0b00d301 0b000601 10000 100 20288 2030719563 26400 27036
0b00ab01 0b005b01 10000 100 1203 2030782725 10495 11039
0b00d201 0b00c901 10000 100 20712 2030767613 26741 27376
0b004e01 0b009401 10000 100 69434 2030795523 67730 68235
0b009201 0b000801 10000 100 1917 2030999124 11081 11610
0b00cf01 0b00a301 10000 100 5857735 2022169182 8883414 4921135
0b00e401 0b001201 10000 100 2509098 2029027029 2112237 2113662
0b009001 0b002601 10000 100 853157 2030435633 724349 725319
0b000a01 0b009201 10000 100 47263 2031112148 49006 49653
0b007e01 0b006b01 10000 100 4554 2031260463 13205 13835
0b00dd01 0b00cf01 10000 100 125594 2031175956 114837 115313
0b003801 0b00e801 10000 100 25733 2031278733 30946 31584
0b00fa01 0b00b201 10000 100 79748 2031268165 76210 76870
0b00b401 0b003d01 10000 100 17138 2031342181 23817 24401
0b005001 0b002601 10000 100 3780 2031465299 12548 13177
0b000e01 0b00f501 10000 100 28840 2031519938 33752 34185
0b009f01 0b002601 10000 100 21759 2031703923 27615 28252
0b006601 0b009f01 10000 100 1866 2031744198 12431 11569
0b006a01 0b00e701 10000 100 43465 2031792714 45995 46461
0b009601 0b003501 10000 100 37618 2031804591 40910 41553
0b00d401 0b00fb01 10000 100 16447373 2017594535 14260970 13799501
0b008601 0b003701 10000 100 2117 2031924961 11308 11808
0b003f01 0b006201 10000 100 15915 2031957766 22712 23346
0b00bc01 0b00e201 10000 100 27736 2031916980 75066 33264
0b008801 0b000501 10000 100 598510 2031565897 510942 511809
0b007701 0b003c01 10000 100 25716 2032289823 31027 31571
0b00c301 0b009501 10000 100 1204377 2031331268 1018712 1019773
0b006101 0b008301 10000 100 399315 2032045516 344091 344812
0b002101 0b006001 10000 100 510404 2031429238 1011915 437945
0b00db01 0b00c601 10000 100 3592014 2029388233 3106326 3021582
0b00cc01 0b00f601 10000 100 745707 2031869454 634411 635212
0b000901 0b006001 10000 100 11225177 2017137734 15376504 9421220
0b005801 0b004401 10000 100 1230873 2031537585 1040848 1041968
0b002e01 0b008c01 10000 100 5793 2032596434 14614 14864
0b006701 0b007d01 10000 100 260575 2032168775 504188 228482
0b008a01 0b001c01 10000 100 448 2032744064 9106 10396
0b000d01 0b001d01 10000 100 54178 2032702650 99707 55454
0b006701 0b007f01 10000 100 238521 2031947072 907221 209994
0b005601 0b007501 10000 100 8753425 2015939470 16952741 7348893
0b00bd01 0b001001 10000 100 9842607 2024356775 8553448 8262056
0b00ee01 0b009801 10000 100 21901 2032892761 27866 28365
0b00a201 0b00d201 10000 100 8900 2032973139 16834 17465
0b005b01 0b000a01 10000 100 2506 2032985920 11491 12120
0b001d01 0b000101 10001 100 21609 2032995381 27591 28132
0b001801 0b003f01 10000 100 614408 2032000501 1038174 525142
0b006701 0b004501 10000 100 1072750 2031740323 1326623 909403
0b005201 0b003601 10000 100 73535 2033103499 74974 71669
0b008301 0b002601 10000 100 28362 2033181213 34783 33803
0b004701 0b00b901 10000 100 49924 2033191394 56631 51859
0b002a01 0b005e01 10000 100 15036 2033267169 23939 22643
0b00a601 0b005d01 10000 100 4893988 2029230172 4110534 4113120
0b002f01 0b001101 10000 100 6862948 2027586361 5760869 5763897
0b008701 0b00b101 10000 100 76783 2033336892 133591 74383
0b00b201 0b00ae01 10000 100 151685 2033343080 136699 137184
0b001101 0b00f101 10000 100 2016 2033605019 11256 11728
0b000801 0b006501 10000 100 74201 2033602115 71754 72240
0b007601 0b00b001 10000 100 55186 2033646034 55649 56299
0b00f701 0b00cc01 10000 100 52971 2033667447 53763 54412
0b003601 0b007101 10000 100 4957942 2029597127 4168849 4166740
0b007d01 0b004701 10000 100 4951827 2029609659 4173635 4161618
0b000d01 0b00cb01 10000 100 1791618 2032234539 1556194 1512107
0b005701 0b007801 10000 100 47981 2033901261 89420 50228
0b004001 0b005c01 10000 100 1649796 2032628501 1392324 1393196
0b00f001 0b00eb01 10000 100 2476598 2031949358 2084871 2086395
0b001901 0b00e101 10000 100 3144621 2031332353 2750652 2646464
0b003401 0b00fe01 10000 100 59886 2034253355 59561 60212
0b008c01 0b000301 10000 100 2565381 2032150663 2165516 2160839
0b008001 0b008c01 10000 100 117425 2034209371 108573 104071
0b004e01 0b00fc01 10000 100 62588 2034262796 120392 62489
0b00d801 0b00ae01 10000 100 41771 2034344119 44577 45029
0b00d601 0b004601 10000 100 6983 2034435559 15897 15855
0b00c201 0b00bd01 10000 100 1578216 2033126384 1332052 1333206
0b006701 0b002701 10000 100 7877 2034573305 16230 16608
0b005601 0b00db01 10000 100 16820430 2010449819 24141284 14112270
0b005001 0b004e01 10000 100 1561778 2033334175 1321111 1319403
0b00d201 0b001701 10000 100 50520 2034631663 54746 52374
0b00fb01 0b00fc01 10000 100 6959436 2028561703 6183652 5840412
0b004601 0b00b101 10000 100 8441 2034753139 79173 17098
0b005c01 0b00be01 10000 100 85992 2034765243 85670 82096
0b008201 0b005f01 10000 100 44622 2034849036 46779 47425
0b005701 0b00dd01 10000 100 996171 2033532179 1371465 845221
0b003601 0b001501 10000 100 170183 2034752108 152056 152712
0b006f01 0b00b101 10000 100 194428 2034325093 584523 173030
0b00e301 0b007601 10000 100 4911 2034959807 13491 14120
0b000401 0b00d501 10000 100 187339 2034812896 166599 167090
0b008c01 0b004801 10000 100 227259 2034910356 201653 200562
0b009c01 0b000a01 10000 100 166674 2035163117 165368 149752
0b00f401 0b002001 10000 100 1828047 2033925566 1541336 1542671
0b001e01 0b000901 10000 100 907618 2033736885 1734412 770961
0b008a01 0b007f01 10000 100 29769753 2002230873 33252028 24968970
0b006f01 0b008001 10000 100 344780 2035156143 340366 299072
0b00ff01 0b00b801 10000 100 53019 2035486624 53866 54488
0b00c301 0b006501 10000 100 37981 2035507745 43481 41844
0b002601 0b000901 10000 100 1824668 2032888772 2676295 1539814
0b00f201 0b001b01 10000 100 611160 2034652700 1033733 522428
0b00b401 0b006f01 10000 100 2040556 2033964807 1744988 1720819
0b006d01 0b002901 10000 100 45894 2035698169 50663 48481
0b003501 0b001701 10000 100 54771 2035743638 58232 55928
0b005401 0b007201 10000 100 18227 2035821670 26459 25311
0b006601 0b002601 10000 100 4645 2035843907 18236 13908
0b006001 0b00a701 10000 100 923589 2035149736 783365 784352
0b006601 0b00b101 10000 100 9746184 2026670097 9291957 8181232
0b00e701 0b00ca01 10000 100 57247 2036004413 57575 58024
0b002001 0b00e301 10000 100 1415 2036076352 10677 11208
0b00b501 0b00e501 10000 100 1952583 2033023811 3065836 1647061
0b00d401 0b00df01 10000 100 2566 2036092146 7099 7768
0b002d01 0b00aa01 10000 100 8360 2036121243 16686 17033
0b00d701 0b000001 10000 100 76184 2036077287 81253 73904
0b000101 0b004b01 10000 100 29103 2036136028 35342 34434
0b001401 0b008c01 10000 100 27091 2036096888 76043 32748
0b00ee01 0b000001 10000 100 70615 2036189476 68562 69218
0b00f101 0b006201 10000 100 29578 2036333341 34174 34814
0b00f301 0b00bb01 10000 100 97150 2036192857 197141 91483
0b00ae01 0b00c301 10000 100 394795 2036088762 340385 341004
0b001001 0b005801 10000 100 1335981 2035350868 1128935 1130087
0b004b01 0b008c01 10000 100 855450 2035049977 1444036 727230
0b003201 0b001901 10000 100 5163403 2031961830 4631760 4339020
0b005a01 0b00be01 10000 100 49857 2036481068 117121 51805
0b001b01 0b008901 10000 100 2409967 2034545764 2058037 2030517
0b00f201 0b004501 10000 100 103404 2036480006 182116 96716
0b003701 0b008f01 10000 100 1795971 2035132669 1588198 1515743
0b003901 0b006001 10000 100 8074 2036763773 16553 16804
0b00a601 0b002201 10000 100 975241 2036002733 826764 827671
0b00f801 0b002e01 10000 100 1891 2036881344 10961 11589
0b009701 0b002a01 10000 100 5456003 2032334808 4582324 4584351
0b004501 0b007e01 10000 100 29108 2037093183 33798 34438
0b000c01 0b004f01 10000 100 58909 2037146503 58741 59392
0b00af01 0b00dd01 10000 100 2825027 2034102784 3109776 2378540
0b005e01 0b00c101 10000 100 433175 2036860036 372504 373205
0b007201 0b005001 10000 100 20992 2037248223 27153 27600
0b007f01 0b008801 10000 100 64017 2037221573 119361 63709
0b00be01 0b003701 10000 100 3089106 2034453014 2897871 2599940
0b005f01 0b002501 10000 100 1074083 2036372876 1014179 910546
0b007f01 0b002401 10000 100 3595892 2034227505 3192590 3024800
0b005401 0b000a01 10000 100 211503 2037304751 197700 187343
0b006701 0b007501 10000 100 1140 2037541696 10477 10988
0b00a701 0b00c301 10000 100 2007 2037575651 11095 11720
0b004101 0b009c01 10000 100 8052939 2030824329 6765795 6761586
0b002b01 0b008b01 10000 100 25795 2037605568 31182 31634
0b00fb01 0b00fd01 10000 100 66494 2037602311 60673 61368
0b00ca01 0b00c801 10000 100 1192017 2036665843 1003879 1005024
0b006e01 0b00f301 10000 100 2628434 2035465878 2216627 2213700
0b006b01 0b00de01 10000 100 1456080 2036466561 1229909 1230812
0b003c01 0b009401 10000 100 710630 2037062303 672625 605806
0b005401 0b00a401 10000 100 6710 2037762573 16037 15636
0b008401 0b00cf01 10000 100 108358 2037632887 190653 100872
0b00ea01 0b00bf01 10000 100 59072 2037783677 83211 59561
0b004601 0b00bf01 10000 100 679197 2036716235 1161742 579469
0b000b01 0b002701 10000 100 30881 2037963318 35255 35895
0b00a401 0b001101 10000 100 4790733 2034014308 4024698 4026560
0b005c01 0b00ff01 10000 100 67739 2037987404 66147 66802
0b002c01 0b008301 10000 100 49882 2038007320 55481 51825
0b003e01 0b00ac01 10000 100 41064 2038033200 46252 44464
0b004e01 0b00fa01 10000 100 44728 2038102444 46864 47510
0b006001 0b00ab01 10000 100 6296 2038201852 14675 15305
0b003101 0b00b401 10000 100 64529 2038285892 66774 64119
0b00e901 0b00d001 10000 100 1913547 2036162078 2195644 1614335
0b00b401 0b00be01 10000 100 2601989 2035886812 2479356 2187108
0b001801 0b003a01 10000 100 25737112 2015525602 22874200 21588028
0b00ac01 0b002c01 10000 100 6760447 2032822515 5677205 5677980
0b004f01 0b001301 10000 100 748 2038500189 46649 10636
0b00fe01 0b00ae01 10000 100 25072 2038517027 30487 31056
0b001401 0b005401 10000 100 3110410 2035801961 2776427 2617790
0b002a01 0b001f01 10000 100 43179 2038832681 46092 46232
0b00aa01 0b00c401 10000 100 31570 2038892285 39355 36484
0b00ea01 0b00cc01 10000 100 9012 2039069437 16969 17593
0b00a201 0b006e01 10000 100 50203 2039074470 51535 52120
0b000501 0b005501 10000 100 122637 2039024201 112229 112832
0b001f01 0b003801 10000 100 4343 2039197033 13036 13666
0b006e01 0b004701 10000 100 70599 2039142642 68549 69205
0b008501 0b00bb01 10000 100 9752877 2030596199 8682019 8186816
0b001701 0b005301 10000 100 8129864 2032454065 6827393 6826083
0b002901 0b00a101 10000 100 6114680 2034188821 5136053 5136560
0b001201 0b004201 10000 100 61985 2039279678 61316 61968
0b007901 0b008501 10000 100 707290 2038724928 629744 603019
0b00f701 0b002601 10000 100 5560 2039392724 18422 14678
0b003a01 0b005201 10000 100 3030768 2036777552 2635325 2551004
0b006601 0b003501 10000 100 1101867 2038416304 1016006 933810
0b002501 0b00cd01 10000 100 5043 2039460226 17131 14264
0b009101 0b00b701 10000 100 33567 2039451137 37517 38159
0b00e801 0b004901 10000 100 6195 2039490353 14594 15224
0b009701 0b008901 10000 100 1709 2039521603 10815 11444
0b003d01 0b004701 10000 100 160346 2039475074 143776 144459
0b001701 0b00ee01 10000 100 112977 2039527935 104049 104720
0b00e901 0b00f101 10000 100 2229146 2037182302 2498476 1878948
0b00ef01 0b00bc01 10000 100 27874063 2014896599 24862296 23379650
0b008201 0b008801 10000 100 58961 2039740875 54343 55034
0b002101 0b003c01 10000 100 5723035 2034701035 5097672 4808229
0b002401 0b000001 10000 100 9822 2039797727 25337 18241
0b00f001 0b00a101 10000 100 12237 2039840465 19655 20288
0b008401 0b00c001 10000 100 9193240 2032073476 7804267 7717641
0b002c01 0b000001 10000 100 1390519 2038818291 1182882 1175829
0b003f01 0b006601 10000 100 515759 2038435069 1581060 442421
0b000a01 0b006601 10000 100 5847112 2034085141 5949901 4912252
0b008801 0b009101 10000 100 5441 2040077800 13953 14583
0b00a501 0b005f01 10000 100 42304 2040146274 46731 45494
0b005801 0b009101 10000 100 7872 2040184620 15973 16604
0b009a01 0b003a01 10000 100 7093 2040197481 15336 15981
0b001d01 0b004801 10000 100 48148 2040215621 49752 50400
0b00bc01 0b007f01 10000 100 6308940 2028952431 11337911 5299417
0b00f501 0b00a301 10000 100 108529 2040110857 200789 101008
0b006701 0b006901 10000 100 78380 2040244445 78345 71337
0b00e201 0b00f701 10000 100 58304 2040355721 61537 58908
0b007601 0b00ea01 10000 100 62293 2040376058 61720 62253
0b009701 0b00e401 10000 100 159669 2040336583 143187 143879
0b008e01 0b006201 10000 100 72745 2040484049 70328 70999
0b00b501 0b003001 10000 100 1837069 2039158046 1549378 1550234
0b00c701 0b00f401 10000 100 38386 2040707520 41633 42206
0b00f201 0b006301 10000 100 202757 2040491872 348767 180000
0b004901 0b002001 10000 100 122967 2040794210 112419 113096
0b001901 0b00b701 10000 100 40215 2040883947 43102 43746
0b00a801 0b007a01 10000 100 3567 2040954823 12377 13007
0b00aa01 0b00f901 10000 100 57559 2040957971 114733 58274
0b003a01 0b009701 10000 100 3941 2041098306 13011 13306
0b00dc01 0b002101 10000 100 141256 2041013099 141918 128457
0b00c401 0b00a301 10000 100 7766280 2033919667 7236627 6521276
0b001101 0b00f201 10000 100 7776 2041168535 16056 16528
0b00b101 0b00ff01 10000 100 94635 2041075994 167024 89356
0b00bb01 0b00e801 10000 100 9576 2041226768 17451 18044
0b00a701 0b005001 10000 100 3853 2041243779 15554 13236
0b003401 0b002201 10000 100 104811 2041303266 184571 97880
0b00ec01 0b005201 10000 100 60678 2041540973 60232 60884
0b00f201 0b00d701 10000 100 8320201 2033984746 7754237 6985687
0b003701 0b00a401 10000 100 19250 2041744972 25538 26168
0b00b501 0b00fc01 10000 100 1078112 2040849539 938081 913923
0b004f01 0b002301 10000 100 7407 2041815947 15688 16232
0b001501 0b006d01 10000 100 22262 2041831846 28066 28692
0b00c901 0b006901 10000 100 184050 2041706562 163642 164344
0b003901 0b00b501 10000 100 606452 2040895844 1025294 518470
0b009601 0b004101 10000 100 13295 2042000992 20540 21173
0b005b01 0b00d001 10000 100 39009 2042012762 42497 42743
0b00df01 0b007901 10000 100 181707 2042030031 161653 162354
0b00bf01 0b001c01 10002 100 80285 2042194612 76880 77338
0b004b01 0b00af01 10000 100 28386491 2016719371 25564284 23809253
0b00f801 0b008101 10000 100 464044 2041955381 398277 399091
0b002a01 0b003701 10000 100 5362 2042351318 14066 14520
0b009201 0b00e501 10000 100 521265 2041286674 1241234 447056
0b001701 0b00af01 10000 100 39116 2042513479 42185 42828
0b00c401 0b00b001 10001 100 31239 2042544975 35579 36220
0b008101 0b00ac01 10000 100 470 2042593806 9150 10414
0b007601 0b00dd01 10000 100 102231 2042556349 95071 95740
0b00df01 0b00f701 10000 100 59092 2042599780 61948 59577
0b00aa01 0b001b01 10000 100 2066908 2040642987 2029866 1742899
0b003e01 0b00ed01 10000 100 6752 2042692837 15148 15670
0b003901 0b009501 10000 100 34565 2042702042 93350 38996
0b00f101 0b00d701 10000 100 649563 2041719120 1097685 554610
0b00e101 0b00e601 10000 100 35996 2042855637 39045 35779
0b003901 0b001e01 10000 100 22159 2042915450 65139 28610
0b002601 0b005201 10000 100 1263811 2041928626 1068453 1069586
0b005d01 0b006501 10000 100 2189018 2040888231 2135236 1845310
0b006101 0b006b01 10000 100 613353 2042648892 518946 519860
0b006a01 0b00aa01 10000 100 9653 2043390744 35112 18106
0b007a01 0b000a01 10000 100 89138 2043324083 156098 84766
0b00a401 0b004e01 10000 100 4916 2043514012 14219 14124
0b009401 0b00c701 10000 100 330066 2043273054 286003 286763
0b00b101 0b001301 10000 100 7678543 2030273021 13449623 6447708
0b00a501 0b000e01 10000 100 186875 2043581338 165986 166680
0b003601 0b000301 10000 100 172475 2043681005 154125 154623
0b002301 0b004801 10000 100 42107 2043806800 44691 45336
0b00aa01 0b000f01 10000 100 1557384 2042364202 1576697 1315734
0b001501 0b004401 10000 100 524959 2043523711 449373 450127
0b003f01 0b00ff01 10000 100 701330 2042808133 1184639 598020
0b007101 0b008d01 10000 100 3638640 2040943053 3058566 3060649
0b005301 0b005601 10000 100 1797729 2042502441 1511439 1512826
0b007401 0b001e01 10000 100 3615 2043986138 34101 13045
0b00f101 0b000a01 10000 100 4928992 2038937384 5143509 4142467
0b00c501 0b009501 10000 100 31506 2044121451 59970 36433
0b00b001 0b001a01 10000 100 9461 2044192985 18027 17952
0b006901 0b004101 10000 100 7412 2044232694 15615 16236
0b006501 0b009501 10000 100 12321008 2033794728 10500458 10339971
0b000501 0b00f701 10000 100 34840 2044275848 40899 39216
0b002901 0b009201 10000 100 3942101 2040499281 3834306 3315092
0b008f01 0b008001 10000 100 1957352 2042638279 1727888 1646668
0b000c01 0b008f01 10000 100 2184619 2042422467 2109042 1841599
0b00e501 0b006601 10000 100 55545 2044551468 82596 56586
0b00f301 0b001e01 10000 100 8184721 2037748187 6890414 6872080
0b004601 0b001301 10000 100 9291621 2029431919 15231022 7800109
0b00d601 0b007601 10000 100 913258 2044005110 774710 775704
0b003801 0b000501 10000 100 41885 2044745724 44615 45120
0b00b401 0b001b01 10000 100 9938 2044772916 17900 18334
0b00bb01 0b004801 10000 100 1806 2044935834 12120 11521
0b00bb01 0b002001 10000 100 2236286 2043108442 1935092 1884929
0b005e01 0b004a01 10000 100 3536 2045049528 12353 12982
0b008e01 0b002c01 10000 100 778521 2044455334 661791 662730
0b00a201 0b006c01 10000 100 3650 2045152708 12604 13073
0b001401 0b005501 10000 100 4454 2045279846 14943 13755
0b007001 0b009d01 10000 100 12170 2045370693 20617 20235
0b004401 0b004d01 10000 100 16999 2045388527 20185 19852
0b001e01 0b005601 10000 100 21613 2045406362 27498 28135
0b00d801 0b009101 10000 100 31435 2045472412 39435 36376
0b00e101 0b009701 10000 100 19029 2045587668 25825 25991
0b005b01 0b001801 10000 100 58002 2045515505 123240 58667
0b003401 0b005001 10000 100 8701315 2038300309 7388949 7305208
0b00be01 0b00dd01 10000 100 1604 2045723230 10731 11360
0b005501 0b009c01 10000 100 882982 2044999640 749754 750292
0b006001 0b002401 10000 100 1277745 2044696298 1080132 1081271
0b004701 0b00a401 10000 100 9898 2045960583 17670 18302
0b000501 0b005901 10000 100 3070 2046014125 11980 12609
0b00ab01 0b00f401 10000 100 7642 2046012956 16872 16420
0b00a301 0b00aa01 10000 100 8811067 2038112357 7958990 7392834
0b002901 0b00e701 10000 100 2722080 2043281091 2812485 2292227
0b005201 0b008901 10000 100 35508 2046057176 39146 39788
0b004401 0b00c601 10000 100 61705 2046179568 66194 61744
0b009f01 0b00e701 10000 100 2994 2046240641 12800 12510
0b007d01 0b00ca01 10000 100 127986 2046144368 116625 117304
0b007701 0b001901 10000 100 35794 2046308638 39483 40017
0b00d801 0b006101 10000 100 514738 2045888172 491746 441566
0b008901 0b00eb01 10000 100 7813 2046448470 15926 16557
0b001e01 0b004d01 10000 100 1108797 2045606097 938758 939623
0b008101 0b00d401 10000 100 2866887 2044163573 2412085 2413602
0b00db01 0b008801 10000 100 1209502 2045610621 1023442 1024065
0b00b701 0b008b01 10000 100 74336 2046486432 149754 72348
0b00fb01 0b007d01 10000 100 4156 2046629917 12887 13516
0b00c301 0b00a801 10000 100 2811121 2044298924 2365444 2366877
0b006c01 0b001801 10000 100 1546021 2044882015 1833700 1306221
0b00af01 0b008d01 10000 100 96076 2046755542 89919 90585
0b007a01 0b008d01 10000 100 23563 2046990533 29312 29772
0b007e01 0b000901 10000 100 602794 2046545645 514507 515390
0b00ba01 0b004f01 10000 100 10131 2047035569 25904 18527
0b003101 0b006901 10000 100 23589 2047036261 30989 29792
0b003201 0b00c201 10000 100 23510 2047050662 29092 29729
0b008201 0b00a201 10000 100 1299366 2045036232 2186244 1099412
0b006a01 0b001a01 10000 100 23305 2047237045 29523 29565
0b00aa01 0b00bb01 10000 100 3659953 2044099055 3181271 3078506
0b004e01 0b00f501 10000 100 7668118 2040136745 7258511 6438984
0b00b201 0b009a01 10000 100 74598 2047424796 72101 72558
0b007001 0b00c801 10000 100 107965 2047481868 100047 100519
0b004601 0b00d901 10000 100 299509 2047349200 274360 261127
0b00c601 0b004301 10000 100 1665852 2044896517 2778292 1406656
0b005301 0b008e01 10000 100 22801 2047693321 28487 29124
0b005901 0b001101 10000 100 288622 2047549442 251251 251995
0b003301 0b002401 10000 100 54009 2047751300 54904 55319
0b00a601 0b001301 10000 100 51545 2047804998 52743 53232
0b00e601 0b000301 10000 100 25952 2047859138 52819 31760
0b00ed01 0b00cf01 10000 100 122519 2047799307 118351 112738
0b00d801 0b00ed01 10000 100 1191488 2046973166 1054071 1008963
0b003901 0b00d801 10000 100 8098462 2040511024 7614971 6799771
0b00cb01 0b004101 10000 100 2836 2048131858 13846 12384
0b001b01 0b009301 10000 100 142874 2048042896 136081 129790
0b00a101 0b001f01 10000 100 62604 2048122580 61891 62502
0b003f01 0b004301 10000 100 8895941 2037983899 10394868 7468359
0b002701 0b008b01 10000 100 827414 2046532634 1926248 703726
0b00a101 0b004a01 10000 100 196094 2048392294 173733 174440
0b00e001 0b00f801 10000 100 28553 2048597143 33323 33956
0b005601 0b00ee01 10000 100 971537 2047914056 823537 824554
0b00c001 0b005801 10000 100 670732 2048157631 618368 572352
0b006c01 0b00ce01 10000 100 2432996 2046738260 2048415 2049824
0b009501 0b00f001 10000 100 44582 2048742648 46768 47393
0b003b01 0b000101 10000 100 1518497 2047549059 1281891 1283127
0b006901 0b009501 10000 100 42145 2048862143 79142 45367
0b002501 0b002001 10000 100 17270 2048957349 33644 20107
0b00f001 0b009401 10000 100 61703 2049063267 112442 61743
0b00e601 0b003701 10000 100 3996815 2045811873 3380665 3360936
0b009701 0b004801 10000 100 106013 2049128420 98321 98919
0b001801 0b004401 10000 100 4695269 2045239684 3999878 3946541
0b00ad01 0b003601 10000 100 31015 2049208736 60583 36040
0b001801 0b00b201 10000 100 31605 2049239924 35872 36512
0b00fe01 0b004c01 10000 100 897825 2048614510 761766 762743
0b004501 0b000601 10000 100 64997 2049378624 63856 64493
0b00c601 0b00e301 10000 100 939499 2048686593 796898 797695
0b00f501 0b009201 10000 100 2703246 2047254044 2278681 2276430
0b007401 0b00fb01 10000 100 2661820 2047329256 2239984 2241676
0b002801 0b00ba01 10000 100 27142 2049551849 33866 32788
0b001a01 0b008b01 10000 100 5524622 2043743059 5871215 4641857
0b002201 0b000001 10000 100 17669 2049607765 24238 24826
0b00ba01 0b004101 10000 100 3510706 2046750086 2962443 2953387
0b005f01 0b009801 10000 100 8224734 2037967053 11763956 6905627
0b002501 0b001401 10000 100 22421579 2030625947 19163359 18808268
0b007f01 0b00c201 10000 100 918 2049885291 10046 10772
0b003901 0b00fa01 10000 100 27488 2049918459 54956 33065
0b008a01 0b00e301 10000 100 4066 2050025682 13101 13444
0b00df01 0b00ff01 10000 100 32914 2050166627 37100 37598
0b003401 0b001e01 10000 100 52823 2050198908 97367 54293
0b004d01 0b00ee01 10000 100 1418818 2049140404 1198348 1199544
0b00d301 0b009001 10000 100 50244 2050388309 51512 52153
0b00f501 0b00f301 10000 100 41605 2050499011 39812 40496
0b00d001 0b008901 10000 100 45887 2050547615 47829 48476
0b008e01 0b001701 10000 100 15722 2050567887 35187 23192
0b003401 0b006f01 10000 100 990559 2049812862 883749 840501
0b008601 0b00ad01 10000 100 7430 2050772219 15761 16251
0b00ea01 0b00db01 10000 100 36848 2050738734 70417 40899
0b00a701 0b005701 10000 100 563 2050817577 9336 10488
0b006801 0b00b601 10000 100 6078 2050903717 15161 15131
0b003501 0b007101 10000 100 6851 2050912122 16268 15749
0b00e001 0b003801 10000 100 1551875 2049750294 1310009 1311096
0b00eb01 0b009b01 10000 100 2501 2051051036 11487 12116
0b001201 0b009201 10000 100 759 2051063576 9728 10645
0b00c301 0b002c01 10000 100 52796 2051112804 53623 54272
0b00d101 0b008f01 10000 100 12687 2051491920 20015 20648
0b002001 0b002501 10000 100 435524 2051159157 369919 370761
0b000201 0b00c001 10000 100 7120529 2045478489 6073450 5979869
0b009a01 0b001701 10000 100 1322227 2050508364 1130615 1118584
0b00db01 0b000401 10000 100 12898 2051652697 20841 20817
0b008c01 0b005801 10000 100 23594 2051685661 30489 29796
0b009901 0b004101 10000 100 9146 2051781803 17315 17700
0b00f401 0b006501 10000 100 9437616 2043864864 7939262 7922512
0b009b01 0b002601 10000 100 888 2051853629 10634 10748
0b00a701 0b005701 10001 100 25493 2052041800 30754 31392
0b005401 0b00b101 10000 100 52541 2052027929 96542 54068
0b005801 0b006101 10000 100 2516419 2050032439 2119290 2119788
0b00ae01 0b00a501 10000 100 2813 2052156030 7296 7965
0b000801 0b009401 10000 100 4779174 2047745119 4458699 4016891
0b00f401 0b006901 10000 100 4628 2052191058 14183 13894
0b00c501 0b005b01 10000 100 4515 2052200250 13174 13804
0b001801 0b006b01 10000 100 209426 2052034439 204565 185604
0b005901 0b003801 10000 100 43756 2052436512 46049 46694
0b00e701 0b00dd01 10000 100 5642873 2047759758 4738312 4740989
0b001601 0b00c401 10000 100 30856 2052522805 61169 35875
0b00a401 0b009a01 10000 100 3504 2052597142 12443 12956
0b00d901 0b009f01 10000 100 8674969 2045448217 7293501 7283095
0b00ac01 0b000601 10000 100 1277 2052837460 10469 11098
0b008f01 0b007a01 10000 100 1101393 2051753814 1094591 933431
0b006201 0b00f701 10000 100 1380170 2051680456 1198625 1167166
0b004e01 0b000b01 10000 100 3618137 2045739481 7175499 3043479
0b008801 0b006701 10000 100 795098 2051542572 1390116 676644
0b004b01 0b002101 10000 100 42249 2052906300 45884 45450
0b004801 0b000d01 10000 100 447998 2052612891 384896 385601
0b00d501 0b002d01 10000 100 9053879 2045577552 7596838 7600776
0b003301 0b001801 10000 100 2682227 2050941640 2267075 2258808
0b005401 0b00c601 10000 100 5796 2053238766 14408 14867
0b001501 0b00f801 10000 100 3451059 2050518348 2901565 2903404
0b00a601 0b00e201 10000 100 6705 2053475408 15157 15632
0b003701 0b00cf01 10000 100 20441 2053494869 26695 27159
0b00ba01 0b00d201 10000 100 1634 2053581180 12058 11384
0b003a01 0b007001 10000 100 1875961 2052022538 1581439 1582807
0b00e101 0b001601 10000 100 37609 2053549124 55619 41546
0b005b01 0b001601 10000 100 20317 2053571489 37004 27060
0b00a901 0b00e001 10000 100 16556 2053585889 23263 23897
0b000401 0b00c401 10000 100 6430229 2048233896 5424615 5401133
0b00b001 0b00b101 10000 100 7257392 2047441006 6375601 6090220
0b009901 0b003e01 10000 100 37654 2053921664 40987 41582
0b002801 0b005901 10000 100 3802 2054125986 13011 13195
0b00b301 0b00a901 10000 100 22462 2054125346 28288 28852
0b00bb01 0b00c101 10000 100 54737 2054120213 147077 55901
0b00d801 0b00fa01 10000 100 637602 2053770565 543895 544580
0b00fc01 0b00dd01 10000 100 9241 2054412171 23867 17776
0b003b01 0b002501 10000 100 1959548 2052825884 1651838 1652902
0b009501 0b001d01 10000 100 29530 2054512819 34692 34776
0b00cd01 0b005201 10000 100 1896 2054546123 11067 11593
0b002f01 0b003501 10000 100 3249 2054546289 14500 12752
0b00ab01 0b002801 10000 100 1175113 2053573603 994504 995248
0b00ea01 0b00de01 10000 100 9876377 2046283493 8374824 8290378
0b00a101 0b006201 10000 100 42863 2054768982 45476 45941
0b00ef01 0b006801 10000 100 17685 2054797347 24413 24839
0b007601 0b000701 10000 100 796195 2054233726 676675 677560
0b001401 0b000201 10000 100 4224 2055015045 14417 13571
0b003401 0b002601 10000 100 3854386 2051762801 3280220 3241540
0b002b01 0b005001 10000 100 2332 2055050851 11351 11980
0b005001 0b005601 10000 100 25557 2055070161 26365 27044
0b005e01 0b00ea01 10000 100 1687668 2053426930 1680182 1424953
0b001901 0b000b01 10000 100 2822009 2052172558 2943519 2376010
0b00cf01 0b004701 10000 100 21166 2055176238 27197 27777
0b00e001 0b00a801 10000 100 31007 2055195662 35397 36034
0b008601 0b001901 10000 100 3374 2055228136 12223 12852
0b005401 0b003f01 10000 100 5271 2055331325 13817 14447
0b002301 0b00e301 10000 100 69752 2055275122 74556 68489
0b00ca01 0b009a01 10000 100 50428 2055315601 51809 52300
0b006501 0b00ac01 10000 100 5221 2055361894 13781 14407
0b00ec01 0b009701 10000 100 3484702 2052466990 2930242 2931585
0b006001 0b003401 10000 100 874155 2054638779 762156 742924
0b00bb01 0b004201 10000 100 5726691 2049660975 5786611 4811269
0b000401 0b00d101 10000 100 37189 2055440191 40726 41210
0b007a01 0b002c01 10000 100 5426 2055514196 18126 14571
0b00bb01 0b00bd01 10000 100 1258798 2053526820 2038825 1060984
0b005b01 0b009401 10000 100 60874 2055525928 60393 61041
0b004501 0b00f801 10000 100 8184 2055640062 16261 16892
0b007d01 0b007101 10000 100 33926 2055608140 61502 34046
0b008d01 0b00e201 10000 100 177850 2055524777 158448 159115
0b008301 0b005d01 10000 100 22382 2055659200 28151 28788
0b006601 0b002601 10001 100 681201 2055215900 580249 581149
0b009e01 0b008a01 10000 100 18827 2055768168 40751 25791
0b00c501 0b002701 10000 100 8855 2055851822 23592 17429
0b003001 0b00b301 10000 100 58929 2055883321 61813 59408
0b00b001 0b00c601 10000 100 79942 2055964705 76365 77025
0b005f01 0b002901 10000 100 1517875 2054849032 1281760 1282591
0b005b01 0b00d101 10000 100 8299 2056194887 16455 16984
0b008701 0b00d201 10000 100 22883 2056244028 49152 29189
0b002301 0b00eb01 10000 100 78841 2056316117 86450 76106
0b00aa01 0b00d501 10000 100 226637 2056294761 199510 200026
0b009301 0b00f901 10000 100 75452 2056331418 198244 73280
0b008601 0b006801 10000 100 29205 2056659955 33876 34516
0b004701 0b00fc01 10000 100 104774 2056605760 102566 97851
0b002e01 0b000c01 10000 100 10271 2056708259 18072 18639
0b002b01 0b006301 10000 100 56657 2056691561 57006 57514
0b00fc01 0b00ac01 10000 100 46949 2056697465 88130 49364
0b00b301 0b004c01 10000 100 2215193 2054946938 1868622 1867248
0b003201 0b00f201 10000 100 24906 2056800575 30247 30884
0b009601 0b00e701 10000 100 52762 2056777176 97316 54244
0b00a101 0b005201 10000 100 32958 2056853912 36992 37633
0b008001 0b00f101 10000 100 5736 2056895222 16864 14819
0b00fc01 0b002301 10000 100 4280198 2053296811 3648261 3598548
0b00f101 0b002d01 10000 100 36613 2057006289 41281 40711
0b001101 0b002c01 10000 100 25861 2057039979 31035 31687
0b003801 0b009101 10000 100 10390 2057198177 26573 18734
0b005f01 0b009701 10000 100 36890 2057259559 40350 40932
0b00e701 0b004d01 10000 100 32290 2057297778 36845 37099
0b003901 0b00ce01 10000 100 9729909 2049154721 8186391 8167559
0b008401 0b006401 10000 100 9422527 2049522006 7905675 7909864
0b003701 0b002d01 10000 100 59879 2057382388 59719 60207
0b001001 0b00ed01 10000 100 5360582 2052949148 4565954 4504328
0b004801 0b006701 10000 100 6534 2057524148 17379 15496
0b009301 0b004b01 10000 100 5444144 2048398629 9196295 4574403
0b00d701 0b00af01 10000 100 60431 2057546068 60233 60687
0b006901 0b00d201 10000 100 13220956 2046675573 11146084 11094451
0b00b601 0b008001 10000 100 9093229 2050207884 7630382 7633792
0b00ad01 0b005901 10000 100 279129 2057256396 630856 244055
0b00b401 0b00a601 10000 100 1545131 2056554012 1340948 1305471
0b003501 0b004101 10000 100 23083 2057920484 31369 29388
0b000c01 0b004001 10000 100 990905 2057246666 839955 840778
0b004b01 0b006501 10000 100 10795 2058153046 18426 19058
0b003301 0b001701 10000 100 238349 2057623980 704636 209856
0b004601 0b002701 10000 100 4165551 2054822848 3507701 3502415
0b005401 0b009101 10000 100 2533813 2056206072 2141448 2134356
0b00be01 0b006201 10000 100 39128 2058296599 74599 42838
0b008c01 0b004c01 10000 100 21663 2058373984 27538 28175
0b003a01 0b00e401 10000 100 72411 2058432441 70281 70732
0b000e01 0b000801 10000 100 70437 2058531705 63979 64676
0b00fc01 0b002101 10000 100 2671 2058637534 11819 12252
0b009f01 0b00a001 10000 100 69070 2058586582 67289 67944
0b002601 0b00ee01 10000 100 11064 2058722461 18884 19312
0b00a401 0b009c01 10000 100 29854 2058716022 34516 35035
0b00f701 0b00dc01 10000 100 21967522 2034333592 24551119 18427588
0b002801 0b00e801 10000 100 35333 2058917278 55400 39648
0b009901 0b004c01 10000 100 15915 2058993236 22714 23346
0b008001 0b000801 10000 100 6406 2059011829 16113 15393
0b006401 0b002601 10000 100 135 2059024046 8480 10146
0b004e01 0b00b401 10000 100 4997083 2049534119 9666371 4199589
0b00be01 0b004e01 10000 100 3382564 2055848405 3354042 2845958
0b009101 0b000801 10000 100 22310 2059317130 28094 28731
0b008d01 0b000c01 10000 100 15016 2059354857 22038 22627
0b00eb01 0b007401 10000 100 51044 2059285458 94194 52832
0b00b401 0b00da01 10000 100 26689 2059359165 31769 32388
0b003301 0b007601 10000 100 2407990 2057211608 2227034 2028859
0b00dd01 0b004d01 10000 100 474595 2059013746 428733 407916
0b000d01 0b00f701 10000 100 135718 2059098439 468624 123796
0b007a01 0b003501 10000 100 11372521 2049975024 9597064 9544740
0b003401 0b008c01 10000 100 7327 2059831495 15537 16168
0b009401 0b008001 10000 100 9345 2059835290 25026 17860
0b005701 0b002601 10000 100 67002 2059915670 65765 66212
0b003f01 0b002001 10000 100 1858873 2056902937 3124622 1568484
0b002601 0b009801 10000 100 3842 2060029747 14397 13227
0b00e801 0b005a01 10000 100 9107473 2052407312 7833778 7645725
0b004c01 0b00a101 10000 100 1013568 2059595542 858768 859792
0b00cd01 0b00d301 10000 100 1395 2060488510 11539 11192
0b008e01 0b009a01 10000 100 11169 2060484157 27475 19396
0b003701 0b00a301 10000 100 1162117 2059597949 1027671 984352
0b009e01 0b00b201 10000 100 9062477 2053102373 7619931 7608000
0b009d01 0b00e001 10000 100 40037 2060678137 147859 43604
0b00a201 0b008301 10000 100 43730 2060966513 49300 46673
0b00e101 0b001401 10000 100 25496 2060988397 35544 31395
0b003901 0b00a901 10000 100 653968 2060516424 557398 558288
0b000e01 0b00b101 10000 100 58684 2060988934 107448 59212
0b003f01 0b007101 10000 100 4699363 2055600339 5505244 3949970
0b00f601 0b001301 10000 100 4048449 2057722361 3432132 3404240
0b008401 0b00be01 10000 100 43718 2061085308 82330 46664
0b003b01 0b001e01 10000 100 54408 2061126565 99635 55638
0b002501 0b00fa01 10000 100 4345874 2057596948 3651550 3653585
0b000901 0b003701 10000 100 15824 2061271585 22831 23273
0b00ea01 0b007801 10000 100 1692825 2058626641 2846096 1429271
0b002201 0b003101 10000 100 58853 2061423243 58887 59348
0b005f01 0b009f01 10000 100 76527 2061404200 77953 74178
0b00b801 0b005a01 10000 100 1235952 2060476980 1045465 1046224
0b008401 0b00e201 10000 100 1546465 2060206024 1342184 1306576
0b00f701 0b002201 10000 100 53685 2061468548 138937 55021
0b00a001 0b00bb01 10000 100 22667 2061594771 28379 29016
0b00f701 0b008e01 10000 100 1007438 2060648420 985521 854657
0b007d01 0b00c601 10000 100 3893 2061635056 12846 13268
0b003b01 0b00f501 10000 100 4892657 2057588634 4155255 4112016
0b006e01 0b001a01 10000 100 35631 2061711856 39245 39887
0b00f101 0b00ee01 10000 100 64872 2061724635 65150 64393
0b00b401 0b00e801 10000 100 22079 2061908397 45620 28546
0b00d901 0b00e601 10000 100 251 2061996151 8712 10239
0b009801 0b00b901 10000 100 289168 2061789280 261301 252470
0b005001 0b006901 10000 100 15586 2062054958 22449 23083
0b00aa01 0b005401 10000 100 3463010 2059219838 2911919 2913425
0b008201 0b00e101 10000 100 24901333 2040250538 21968621 20887303
0b000b01 0b000801 10000 100 2993 2062232966 7440 8109
0b008a01 0b009001 10000 100 92180 2062163933 86878 87315
0b009901 0b008701 10000 100 2132 2062272994 11494 11820
0b005b01 0b00ea01 10000 100 50183 2062284730 54178 52104
0b004201 0b00c501 10000 100 4760 2062464306 14236 14000
0b00b101 0b002f01 10000 100 1170 2062485031 11218 11012
0b009501 0b006b01 10000 100 1006087 2061831356 852714 853538
0b006a01 0b003401 10000 100 5579 2062723940 14150 14693
0b00f501 0b003d01 10000 100 29950 2062712879 34472 35112
0b001b01 0b002001 10000 100 5187 2062815684 15988 14380
0b003401 0b008d01 10000 100 23479 2063078383 29670 29704
0b00ca01 0b000001 10000 100 5639 2063186605 14111 14741
0b003f01 0b009a01 10000 100 49478 2063194843 51041 51502
0b009301 0b006701 10000 100 21970273 2039832601 23512398 18429904
0b00c601 0b00f901 10000 100 38047 2063357975 43559 41935
0b00fd01 0b009901 10001 100 61530 2063362448 61137 61604
0b00df01 0b009e01 10000 100 2334906 2061464840 1966256 1967588
0b009801 0b005601 10000 100 298210 2063274982 269045 260049
0b004d01 0b008901 10000 100 3833452 2058431273 5196502 3223987
0b009f01 0b004901 10000 100 4491569 2059874390 3777147 3775748
0b006401 0b008601 10000 100 1517023 2062384428 1281019 1281909
0b004801 0b004d01 10000 100 57550 2063643614 56545 53867
0b00d101 0b007701 10000 100 5159 2063816828 13727 14357
0b002b01 0b009301 10000 100 12622 2063825656 19963 20596
0b002001 0b001701 10000 100 7838788 2056726691 7216728 6582048
0b008601 0b00d501 10000 100 20630 2063917888 27023 27310
0b002501 0b00b901 10000 100 52114 2063911871 54175 53726
0b00cf01 0b009901 10000 100 79456 2063831932 142002 76636
0b00e701 0b00d601 10000 100 7588 2063962765 15746 16377
0b008301 0b000b01 10000 100 1834449 2062463882 1546869 1548023
0b003a01 0b00b201 10000 100 655304 2063493804 558749 559433
0b003d01 0b00cb01 10000 100 15497 2064146522 22363 23012
0b00f201 0b009401 10000 100 77443 2064109729 74495 74949
0b008201 0b002701 10000 100 558265 2063297406 917703 478077
0b00a301 0b002d01 10000 100 5144282 2059857937 4360914 4322993
0b007201 0b005201 10000 100 31192 2064185052 39038 36182
0b00b001 0b00ee01 10000 100 71240 2064134751 95078 69756
0b004e01 0b000201 10000 100 10844272 2047407978 16835465 9101865
0b009b01 0b00f201 10000 100 2088 2064329074 11156 11785
0b007001 0b003001 10000 100 58128 2064372366 58315 58768
0b00cf01 0b004701 10001 100 4440305 2060653874 3796989 3732778
0b00c301 0b000201 10000 100 1286780 2062146188 2312466 1088844
0b007801 0b00e001 10000 100 21065 2064501350 27221 27696
0b00aa01 0b003201 10000 100 926792 2063763745 786237 787030
0b004101 0b00f101 10000 100 1180480 2062524445 2045023 999734
0b00b501 0b009201 10000 100 30811 2064546952 35531 35839
0b005f01 0b007201 10000 100 1288736 2063553634 1090952 1090486
0b00c401 0b006801 10000 100 6809898 2057589797 7093402 5719422
0b007f01 0b00f701 10000 100 7383222 2058167011 6752869 6200123
0b00e501 0b009801 10000 100 16198022 2040606073 24393627 13590459
0b002f01 0b00fa01 10000 100 41204 2064984031 44726 44576
0b00e601 0b00d401 10000 100 1313 2065149442 10501 11127
0b00d401 0b008c01 10000 100 172130 2064588027 611899 154347
0b001601 0b000801 10000 100 82005 2065092781 214891 78791
0b001b01 0b00e101 10001 100 21049 2065339312 30020 27684
0b00a801 0b00cd01 10000 100 26601 2065351294 41821 32317
0b000b01 0b004e01 10000 100 2803 2065462473 11728 12357
0b002801 0b00a801 10000 100 32094 2065441341 36565 36942
0b00eb01 0b002f01 10000 100 1470628 2061790108 3706413 1242988
0b004d01 0b002f01 10000 100 6126 2065475413 23713 15169
0b00b901 0b001a01 10000 100 1962729 2063946000 1655042 1655562
0b00eb01 0b008801 10000 100 2052701 2060973489 4681315 1730996
0b002101 0b008c01 10000 100 1524019 2063056759 2711327 1287775
0b00bc01 0b00e501 10000 100 26669770 2033202655 32604448 22369944
0b00f201 0b006d01 10000 100 74811 2065779490 72232 72728
0b00be01 0b000d01 10000 100 724623 2065243778 621087 617538
0b002f01 0b00a601 10000 100 76396 2065838035 73594 74073
0b009601 0b005f01 10000 100 9293 2065891997 24102 17818
0b00dd01 0b007d01 10000 100 582 2066122549 9531 10504
0b004101 0b004801 10000 100 1556925 2064861000 1309638 1310928
0b00ef01 0b00e301 10000 100 6408 2066186484 11330 10995
0b009501 0b00cd01 10000 100 61951 2066135088 85591 61941
0b005101 0b003b01 10000 100 2179189 2064423913 1835563 1837063
0b00d701 0b00ab01 10000 100 25353 2066259252 30815 31280
0b00a101 0b00b401 10000 100 4787082 2062395017 4021060 4023524
0b009601 0b009901 10000 100 4976 2066467986 12910 9772
0b00c001 0b008001 10000 100 9220923 2058420404 8085167 7740824
0b00cc01 0b00dd01 10000 100 156321 2066378433 140401 141085
0b00a601 0b004301 10000 100 42771 2066564556 45223 45868
0b003501 0b004701 10000 100 23422 2067078226 31923 29659
0b00b601 0b00ad01 10000 100 17820 2067096090 25186 24947
0b00cd01 0b00e001 10000 100 33850 2067123395 52960 38385
0b004701 0b009901 10000 100 14309 2067158320 21589 22023
0b002c01 0b003201 10000 100 28930 2067221790 33618 34257
0b001c01 0b007e01 10000 100 9771237 2059130952 8197905 8202234
0b00b101 0b000101 10000 100 47783 2067307951 50907 50069
0b009601 0b00e201 10000 100 15025 2067386528 34255 22634
0b005b01 0b004601 10000 100 9553 2067415024 18335 18026
0b008401 0b007301 10000 100 6822 2067462861 15300 15726
0b001601 0b00ee01 10000 100 1964557 2064141444 3370295 1657101
0b00cf01 0b008201 10000 100 247500 2067313110 216818 217523
0b004601 0b001301 10001 100 435758 2067164850 375016 375348
0b004901 0b004301 10000 100 47087 2067534752 49222 45112
0b005501 0b003501 10000 100 882831 2066919405 750319 750172
0b004601 0b003c01 10000 100 58887 2067810526 61693 59375
0b00de01 0b00e401 10000 100 246679 2067689912 227832 216828
0b004d01 0b006f01 10000 100 28801 2067833103 101832 34154
0b00cd01 0b008c01 10000 100 1071035 2066529532 1433789 907992
0b002201 0b009b01 10000 100 782065 2066979045 991598 665719
0b00cf01 0b00ad01 10000 100 20343 2067994666 53098 27080
0b007f01 0b00bf01 10000 100 1955375 2066380415 1691757 1649410
0b00bb01 0b00ca01 10000 100 3504357 2065152884 2946419 2948077
0b00e401 0b005801 10000 100 29114 2068046321 82741 34443
0b000701 0b009e01 10000 100 171202 2068087815 152869 153566
0b00a301 0b00d801 10000 100 351373 2067999164 303846 304615
0b00b501 0b004101 10000 100 50883 2068279092 52016 52664
0b005a01 0b00cd01 10000 100 39339 2068297205 58278 43007
0b00f501 0b00ad01 10000 100 728767 2067736690 657431 621007
0b006f01 0b009201 10000 100 14960 2068395938 21918 22544
0b000d01 0b00fb01 10000 100 3251271 2065764237 2739388 2735893
0b00ef01 0b00d401 10000 100 7052 2068575887 15593 15948
0b009d01 0b00cd01 10000 100 19692024 2043459230 25202509 16519830
0b00e401 0b007f01 10000 100 1294570 2066481122 2214864 1095384
0b002c01 0b00b501 10000 100 7181 2068701016 15727 16052
0b009301 0b003e01 10000 100 11239 2068699595 27554 19452
0b006701 0b00b301 10000 100 25497 2068848545 51469 31396
0b007f01 0b001601 10000 100 62866 2068906072 65330 62712
0b00b401 0b008c01 10000 100 5737 2068966166 16559 14820
0b000001 0b00d401 10000 100 141926 2068917090 128309 128993
0b000801 0b00c601 10000 100 9365 2069160415 17401 17876
0b002101 0b00ed01 10000 100 1960795 2067736190 1652665 1653938
0b001801 0b004801 10000 100 23982 2069453618 29469 30107
0b002101 0b00b401 10000 100 35085 2069454302 38887 39450
0b009601 0b009d01 10000 100 17152597 2054181311 15383547 14386352
0b000501 0b00ef01 10000 100 154882 2069448308 139167 139857
0b002701 0b00f001 10000 100 53778 2069546842 55903 55096
0b00ca01 0b00c101 10000 100 53549 2069599214 49823 50512
0b003c01 0b00d601 10000 100 2955195 2066671227 3020759 2487666
0b008501 0b002701 10000 100 5359143 2062200707 7540276 4503138
0b00f801 0b00c801 10000 100 23661 2069808549 48080 29850
0b000701 0b00d301 10000 100 3900 2069869569 12378 13273
0b004501 0b001a01 10000 100 19991 2069882706 26125 26760
0b001e01 0b00aa01 10000 100 1596010 2068631567 1400755 1348132
0b00d101 0b007301 10000 100 155817 2069953284 139966 140644
0b00bf01 0b00a501 10000 100 59312 2070151742 59208 59753
0b003201 0b00f001 10000 100 10687 2070208474 18592 18972
0b00f801 0b001e01 10000 100 1313064 2068751676 1475575 1110908
0b00af01 0b00f101 10000 100 63432 2070152806 108345 63203
0b004b01 0b009f01 10000 100 16751 2070338211 23405 24053
0b00f301 0b005001 10000 100 128041 2070242760 128979 117386
0b005101 0b00de01 10000 100 4998 2070466461 13560 14190
0b004d01 0b00f601 10000 100 6079142 2060080693 10423747 5106785
0b003c01 0b006201 10000 100 1704756 2068617977 1970474 1439276
0b00f701 0b001701 10000 100 8229 2070660290 22730 16928
0b007001 0b00cd01 10000 100 9875 2070703807 17813 18284
0b004701 0b007601 10000 100 9533 2070807230 25029 18010
0b002201 0b008c01 10000 100 4036890 2062646215 8224295 3394532
0b00bc01 0b006301 10000 100 136851 2070802077 124059 124741
0b004d01 0b00e901 10000 100 3559340 2064304039 6730747 2994176
0b007c01 0b005e01 10000 100 44460 2070998914 46650 47296
0b00a101 0b006e01 10000 100 1680315 2069683289 1417575 1418802
0b00e201 0b00cb01 10000 100 29487 2071234802 35693 34741
0b00db01 0b003001 10000 100 3045 2071335734 14030 12589
0b00b601 0b00c101 10000 100 30621 2071346194 35047 35687
0b00b601 0b005301 10000 100 27589 2071383580 34334 33146
0b00e101 0b006101 10000 100 58164 2071601792 58151 58796
0b00df01 0b008201 10000 100 1819 2071653913 10903 11532
0b000001 0b003d01 10000 100 1258769 2070646232 1064229 1065360
0b00f801 0b00ff01 10000 100 39224 2071632714 88184 38515
0b000501 0b00a901 10000 100 32083 2071725348 39892 36933
0b00c601 0b000b01 10000 100 1273 2071787204 10572 11095
0b007101 0b003001 10000 100 3868836 2068720730 3254051 3253638
0b00c501 0b001001 10000 100 18292031 2056008851 15977067 15346076
0b00ed01 0b005d01 10000 100 16960 2071988109 23798 24220
0b00d201 0b009c01 10000 100 9695 2072016129 17508 18140
0b006901 0b007701 10000 100 1752266 2069765024 2405560 1479128
0b002601 0b002301 10000 100 64649 2072112621 59121 59815
0b00cb01 0b004301 10000 100 155341 2071953557 268701 140263
0b006f01 0b000701 10000 100 29430 2072395755 35494 34696
0b006401 0b00ee01 10000 100 399717 2072148794 344553 345133
0b008e01 0b00c901 10000 100 67750 2072422095 122698 66811
0b006701 0b003301 10000 100 8719667 2065221757 7337947 7320581
0b00e501 0b004901 10000 100 6002774 2067325900 5277920 5042734
0b004b01 0b002d01 10000 100 55472 2072512849 141268 56528
0b00d701 0b00d901 10000 100 36962 2072635959 35907 36590
0b004f01 0b008d01 10000 100 62017 2072621744 67854 62032
0b002e01 0b004001 10000 100 16658 2072667505 23344 23979
0b004201 0b007001 10000 100 1114623 2071833746 943447 944514
0b008e01 0b00c001 10000 100 14023985 2060477785 12309856 11767709
0b009901 0b001201 10000 100 58267 2072824431 61691 58879
0b004d01 0b006d01 10000 100 2457801 2067840266 5047015 2070628
0b001601 0b00ac01 10000 100 8940091 2063750649 9220055 7505407
0b00c401 0b008301 10000 100 22839 2073003884 28893 29154
0b00ab01 0b003e01 10000 100 4591353 2068073140 5057170 3859415
0b00b801 0b002501 10000 100 6938 2073165191 16592 15819
0b004d01 0b004901 10000 100 29122 2073160520 29369 30049
0b00c901 0b00c501 10000 100 333700 2072972368 284584 285385
0b00b301 0b009701 10000 100 766072 2071993212 1297473 652310
0b00aa01 0b007301 10000 100 2501977 2071230719 2106216 2107658
0b00e001 0b009f01 10000 100 2449 2073331899 11445 12074
0b006901 0b00f801 10000 100 25901 2073301444 73359 31719
0b00e401 0b00f301 10000 100 11507798 2062621828 10779995 9658145
0b00c101 0b007301 10000 100 20341 2073517868 26596 27079
0b008301 0b00ff01 10000 100 28958 2073552917 80960 34280
0b005301 0b00ec01 10000 100 16728553 2059646663 14029478 14035236
0b006801 0b007b01 10000 100 94773 2073584976 94570 89466
0b000f01 0b00cf01 10000 100 70128 2073613418 68356 68828
0b00f701 0b00e501 10000 100 6371023 2067875552 5925825 5351503
0b00ee01 0b004101 10000 100 20518 2073803797 26716 27220
0b00cb01 0b00fc01 10000 100 8616506 2066472494 7362019 7234097
0b00d201 0b001301 10000 100 14976 2073839297 21947 22556
0b00e701 0b00b201 10000 100 2026994 2072163017 1708271 1709432
0b001001 0b008601 10000 100 6193568 2068534404 5382386 5202704
0b008001 0b007701 10000 100 1618721 2072713400 1366068 1367146
0b004201 0b007d01 10000 100 259598 2073934921 227149 227662
0b00c401 0b006e01 10000 100 2986 2074188625 11875 12504
0b00b701 0b001b01 10000 100 16219786 2060628690 13603085 13608676
0b008c01 0b003e01 10000 100 116347 2074056482 204214 107570
0b00d201 0b00f601 10000 100 423310 2073915482 364339 364929
0b00f701 0b001f01 10000 100 50677 2074299836 52364 52500
0b00d101 0b002a01 10000 100 1054078 2073483432 892724 893774
0b009401 0b005001 10000 100 1868363 2072844955 1575653 1576460
0b005901 0b008701 10000 100 1760033 2073082569 1597299 1485648
0b000801 0b001a01 10000 100 4590 2074772310 13234 13864
0b00fa01 0b005d01 10000 100 12842 2074787608 20351 20772
0b00c701 0b00d001 10000 100 994133 2073980210 848610 843514
0b000901 0b001001 10000 100 79728 2074855346 85201 76854
0b00aa01 0b00e301 10000 100 19954 2074919663 27319 26731
0b001c01 0b00e501 10000 100 20365 2074900648 54316 27098
0b00bb01 0b006d01 10000 100 63147 2074904411 90813 62975
0b00bc01 0b002a01 10000 100 7207 2074982051 20715 16072
0b008701 0b00d701 10000 100 183026 2074652364 395654 163486
0b00a001 0b006401 10000 100 456 2075055623 9193 10403
0b00b801 0b00e501 10000 100 25882 2075037239 83398 31704
0b00e101 0b005c01 10000 100 21222 2075126542 27390 27822
0b006901 0b00b801 10000 100 4781628 2070305102 4967679 4018931
0b005701 0b009001 10000 100 1272 2075311020 12036 11094
0b007401 0b000901 10000 100 6948293 2069495217 5836036 5835476
0b00b801 0b00b501 10000 100 27654 2075322653 29827 28798
0b009e01 0b009601 10000 100 57027 2075316077 55480 53448
0b008401 0b00e501 10000 100 41733 2075352518 55203 44999
0b00b301 0b00f801 10000 100 5009312 2070448596 4971382 4209833
0b00e001 0b008301 10000 100 59070 2075471752 60877 59560
0b008c01 0b004f01 10000 100 4121932 2071611048 3984973 3465830
0b00bd01 0b003401 10000 100 1326671 2073277957 2321433 1122293
0b003401 0b001601 10000 100 2533918 2073350124 2285931 2134440
0b00f801 0b006d01 10000 100 2976932 2070493715 5149242 2505862
0b00e601 0b00db01 10000 100 10244 2075884897 18448 18617
0b009401 0b004301 10000 100 1520161 2074687968 1283504 1284535
0b001f01 0b00a201 10000 100 62080 2075917425 138776 62083
0b00db01 0b003401 10000 100 33617 2076025244 49051 38199
0b00d501 0b00ac01 10000 100 10221 2076140062 17967 18599
0b000301 0b002a01 10000 100 1877677 2074585051 1588980 1584256
0b008c01 0b00d901 10000 100 65473 2076140225 87825 64912
0b006f01 0b005301 10000 100 146626 2076108826 132259 132945
0b008301 0b00e801 10000 100 3273847 2071441828 4871816 2754799
0b007b01 0b00b401 10000 100 53976 2076278108 99279 55254
0b009601 0b000d01 10000 100 4515250 2071307512 5094889 3795614
0b00b601 0b00e501 10000 100 1805607 2074469762 1941950 1523836
0b00ea01 0b00e801 10000 100 16133752 2055734930 20795973 13532147
0b001b01 0b004d01 10000 100 25825 2076532150 31214 31658
0b00da01 0b00a101 10000 100 49492 2076491074 92065 51513
0b00ae01 0b004001 10000 100 12673 2076643987 25032 20637
0b003201 0b00b201 10000 100 9309 2076756533 17373 17831
0b00e301 0b005701 10000 100 18643457 2061142298 15634179 15640695
0b000b01 0b006501 10000 100 15047 2076757704 35100 22652
0b007601 0b009101 10000 100 797733 2075555501 1345523 678829
0b00bf01 0b002301 10000 100 26465 2076898019 31671 32208
0b003101 0b00b801 10000 100 15838 2076940545 22845 23284
0b00b901 0b002701 10000 100 63203 2076977676 65184 63020
0b006e01 0b001601 10000 100 170581 2076908769 152537 153031
0b00b301 0b003e01 10000 100 1073746 2076213252 909390 910238
0b002501 0b00c801 10000 100 122940 2077128914 112398 113075
0b002501 0b000c01 10000 100 4895 2077238621 13478 14108
0b000601 0b00cf01 10000 100 6203 2077260354 14919 15231
0b007a01 0b004b01 10000 100 2823 2077335324 84230 12373
0b003701 0b004c01 10000 100 564247 2076667726 985118 483093
0b004701 0b000501 10000 100 8898999 2070200965 7476276 7470920
0b00fe01 0b002101 10000 100 4260959 2074144786 3580183 3582389
0b007b01 0b005901 10000 100 26428176 2054893711 22836589 22167414
0b002c01 0b007a01 10000 100 413953 2077373929 356548 357060
0b009901 0b003101 10000 100 8968 2077728958 16927 17520
0b006101 0b004801 10000 100 45633 2077756212 48646 48272
0b002101 0b003c01 10001 100 74401 2077800026 71743 72400
0b00a201 0b009701 10000 100 5273737 2073266381 4626690 4431511
0b005c01 0b004601 10000 100 65209 2077953987 64229 64701
0b001401 0b006e01 10000 100 60626 2078172930 60191 60843
0b007001 0b006801 10000 100 25885 2078227468 41124 31706
0b00bf01 0b006d01 10000 100 24840 2078332103 30202 30832
0b007401 0b006a01 10000 100 557 2078542423 9457 10484
0b007801 0b00a401 10000 100 630963 2078045936 538129 539000
0b00ea01 0b009001 10000 100 3190253 2073067017 5555385 2684736
0b000b01 0b008201 10000 100 1258554 2077608673 1064265 1065188
0b00d501 0b001501 10000 100 28089 2078672459 33055 33584
0b00a301 0b00ce01 10000 100 3729209 2075413558 3312398 3136599
0b005d01 0b001201 10000 100 1844945 2075616274 3202278 1556804
0b001c01 0b00d901 10000 100 4264391 2073011226 5814644 3585288
0b001a01 0b005401 10000 100 2012 2078867424 11142 11724
0b006e01 0b009201 10000 100 36364 2078921343 39895 40512
0b00e001 0b00bc01 10000 100 53844 2078943811 54499 55148
0b007a01 0b002001 10000 100 187251 2078852824 166317 167020
0b00e501 0b005f01 10000 100 2374666 2073113148 6116199 2000932
0b00a601 0b00e801 10000 100 23662 2079240847 29236 29851
0b00ae01 0b002701 10000 100 30256 2079252405 59665 35395
0b006001 0b00d101 10000 100 96376 2079258921 90291 90825
0b00e601 0b00cc01 10000 100 12443 2079340134 19887 20453
0b005301 0b003001 10000 100 18385 2079348035 24995 25437
0b001001 0b00e901 10000 100 5818499 2074531636 4889436 4888248
0b009c01 0b00d901 10000 100 2546496 2074706845 4802712 2145001
0b001401 0b001001 10000 100 9243 2079501064 12706 13378
0b00ad01 0b00dc01 10000 100 21499841 2046989088 32597662 18035472
0b004401 0b001201 10000 100 2124276 2076023283 3591997 1791020
0b00bf01 0b000401 10000 100 28670 2080070770 33410 34049
0b00f601 0b009601 10000 100 5182 2080297455 14140 14376
0b00e001 0b00f101 10000 100 192 2080325992 8721 10192
0b00e501 0b00e901 10000 100 51802 2080306422 48349 49038
0b007b01 0b00d801 10000 100 1842238 2078815265 1553196 1554561
0b00d401 0b008501 10000 100 940255 2079579470 811099 798338
0b005201 0b00d401 10000 100 157659 2080249126 148638 142194
0b004701 0b002701 10000 100 42886 2080369054 47720 45960
0b00ae01 0b001b01 10000 100 52650 2080411261 141648 54155
0b003e01 0b008501 10000 100 25134 2080542776 30467 31105
0b009801 0b00a301 10000 100 4811179 2071996153 8611220 4043724
0b005a01 0b008801 10000 100 2012876 2076932677 3695150 1697600
0b00d101 0b000201 10000 100 73205 2080641035 70748 71405
0b008201 0b00aa01 10000 100 17736 2080709827 25916 24880
0b002601 0b004601 10000 100 44637 2080717383 83278 47437
0b002601 0b002301 10001 100 397382 2080478605 375380 338788
0b00eb01 0b00c201 10000 100 22217066 2059270751 21623101 18636824
0b00fc01 0b00fa01 10000 100 2553 2080886999 7088 7757
0b00be01 0b006d01 10000 100 28117 2080945902 33033 33607
0b00cb01 0b00f701 10000 100 6245509 2075754857 5243136 5246253
0b001701 0b00bb01 10000 100 3622 2080992977 14279 13051
0b009601 0b00cd01 10000 100 7057103 2073792136 7225740 5926709
0b00a701 0b00a901 10000 100 443118 2080877232 376298 377144
0b000f01 0b000901 10000 100 26445 2081245486 52408 27792
0b00e601 0b00ab01 10000 100 75483 2081282641 74891 73304
0b00b001 0b00c001 10000 100 6969 2081515549 15213 15844
0b008e01 0b009b01 10000 100 28841 2081510311 33547 34186
0b001901 0b00ff01 10000 100 9941006 2073319498 8364444 8344577
0b001401 0b008d01 10000 100 177229 2081577223 157919 158618
0b009d01 0b000301 10000 100 5783 2081801693 36996 14856
0b00fd01 0b008b01 10000 100 1868033 2079900809 1963652 1576196
0b00f201 0b009e01 10000 100 54035 2081812923 60481 55340
0b000401 0b00a401 10000 100 39362 2081896259 42553 43025
0b004901 0b009d01 10000 100 79478 2081815494 141440 76654
0b00aa01 0b009d01 10000 100 4168010 2078089475 3950696 3504497
0b009d01 0b00cb01 10000 100 522362 2081181475 934789 447972
0b00bb01 0b001e01 10000 100 1519223 2080845034 1282834 1283746
0b00f101 0b004901 10000 100 41296 2082087102 45309 44649
0b008901 0b00a201 10000 100 26310783 2056632244 25500910 22068968
0b008a01 0b006601 10000 100 19292 2082169185 25727 26201
0b003701 0b007901 10000 100 577445 2081745455 515542 494151
0b004701 0b002301 10000 100 49312 2082225887 50707 51369
0b005201 0b00bb01 10000 100 688 2082290393 9586 10588
0b005001 0b00d301 10000 100 3986 2082393322 12699 13342
0b001d01 0b00cf01 10000 100 1964625 2078998923 3765030 1657156
0b005101 0b005201 10000 100 737618 2081584701 1240849 624033
0b00fd01 0b00de01 10000 100 1678387 2081077356 1804794 1417183
0b000601 0b000a01 10000 100 40329 2082849471 38753 39437
0b00d601 0b009501 10000 100 218826 2083030055 192765 193470
0b00df01 0b004601 10000 100 42954 2083280511 45604 46014
0b001701 0b002f01 10000 100 33175 2083372638 42114 37845
0b004801 0b005501 10000 100 40808 2083414161 43663 44220
0b008201 0b005f01 10001 100 3975 2083459756 15762 13333
0b00da01 0b004f01 10000 100 9403426 2074946134 8536244 7893854
0b00c301 0b00cb01 10000 100 56047 2083648683 51935 52626
0b008f01 0b00fc01 10000 100 1925111 2082109330 1622671 1624047
0b002201 0b00cf01 10000 100 3885004 2078020678 5742594 3267225
0b007d01 0b009c01 10000 100 71898 2083739857 99794 70283
0b000901 0b004001 10000 100 6202169 2078522442 5381016 5209930
0b007a01 0b00a701 10000 100 15221 2083945225 22157 22791
0b004601 0b004401 10000 100 8407 2083980738 11999 12671
0b001201 0b00b101 10000 100 18819418 2057020930 26991821 15788222
0b004501 0b006001 10000 100 9295 2084035440 20540 17820
0b00e101 0b006801 10000 100 257417 2083223146 879057 225840
0b005101 0b008801 10000 100 4697019 2076491750 7621472 3948018
0b00eb01 0b00bf01 10000 100 980039 2083284322 830890 831701
0b001c01 0b003e01 10000 100 53713 2084126733 54709 55044
0b00fe01 0b00de01 10000 100 70913 2084129674 68800 69456
0b00f701 0b00aa01 10000 100 6069 2084266630 14493 15124
0b002701 0b00ba01 10000 100 9400607 2076403093 7893928 7891484
0b007f01 0b00b501 10001 100 1714046 2082611298 1711637 1447092
0b00df01 0b005801 10000 100 79367 2084375876 76140 76565
0b003801 0b00c401 10000 100 1752214 2082894189 1577534 1479086
0b005101 0b000001 10000 100 517472 2084064289 463234 443868
0b001701 0b008001 10000 100 190232 2084435254 189329 169520
0b006701 0b00e101 10000 100 861 2084646075 9932 10727
0b006801 0b00f601 10000 100 7964 2084623387 62671 16678
0b001801 0b000901 10000 100 1630432 2081805661 2912642 1376976
0b007401 0b009001 10000 100 20049 2084692090 26404 26845
0b00e501 0b006801 10000 100 662304 2082917775 1871950 565302
0b008d01 0b00c301 10000 100 71161 2084756821 69037 69693
0b000e01 0b005601 10000 100 15161676 2067135894 17753812 12721561
0b00ea01 0b003301 10000 100 105481 2084888654 141873 98455
0b003e01 0b008601 10000 100 27741 2084978555 55869 33268
0b004001 0b00f001 10000 100 22527 2085061317 28267 28904
0b001901 0b003901 10000 100 46892 2085143927 48994 49318
0b00bc01 0b003701 10000 100 427493 2084930142 367838 368429
0b005501 0b001c01 10000 100 7491 2085334818 16250 16300
0b00ab01 0b005f01 10000 100 6917269 2070719654 14633024 5809466
0b005f01 0b004201 10000 100 6332 2085381762 15645 15334
0b009f01 0b003401 10000 100 2004 2085396124 11933 11718
0b00ba01 0b00b301 10000 100 26591 2085406314 27231 27909
0b006801 0b008301 10000 100 4552673 2081443204 3996592 3826973
0b004301 0b007801 10000 100 45832 2085418590 47886 48432
0b008901 0b006101 10000 100 7530455 2076264920 9249594 6323554
0b006b01 0b005801 10000 100 390714 2085220806 337338 337585
0b007601 0b00fe01 10000 100 574064 2084642963 971156 491331
0b003001 0b00b101 10000 100 56394 2085583025 56653 57304
0b00eb01 0b001201 10000 100 50212 2085752954 53808 52128
0b00cf01 0b00c201 10000 100 23133 2085960324 26186 25028
0b00f701 0b00ab01 10000 100 844039 2085307887 717700 717679
0b00e401 0b00da01 10000 100 41657 2086098725 48836 44938
0b004d01 0b006f01 10001 100 7895702 2079356322 6810823 6629768
0b006f01 0b005601 10000 100 1299331 2084683657 1533915 1099384
0b002601 0b000101 10000 100 4652914 2082602849 3908701 3911006
0b00b901 0b007301 10000 100 1372186 2085445977 1159295 1160472
0b001a01 0b009501 10000 100 30360 2086651353 34838 35478
0b002801 0b003301 10000 100 42209 2086727372 44888 45418
0b007301 0b001301 10000 100 9374 2086858240 17251 17883
0b00b701 0b001401 10000 100 758617 2086676622 645161 646039
0b000501 0b00bf01 10000 100 574404 2086887017 490807 491603
0b007901 0b004c01 10000 100 12541807 2069207929 18356490 10525058
0b00c201 0b00e401 10000 100 7853886 2081019861 6594035 6594702
0b008401 0b008201 10000 100 1217919 2086752324 1025551 1026706
0b003101 0b000901 10000 100 3973434 2081204706 6612019 3341348
0b006f01 0b007e01 10001 100 788 2087951272 9786 10668
0b009d01 0b00f101 10000 100 29938207 2051843857 36164767 25110223
0b006401 0b00e801 10000 100 4243878 2080909886 7121608 3568072
0b000e01 0b00d701 10000 100 9790119 2074639850 13415076 8218069
0b00f001 0b001f01 10000 100 4422 2088405376 12833 13729
0b00db01 0b00f101 10000 100 47573 2088600915 49254 49901
0b002e01 0b00f201 10000 100 17012271 2074282123 14518270 14273116
0b004f01 0b003901 10000 100 21091 2088797660 35660 27717
0b001c01 0b002b01 10000 100 4642204 2084950249 3899955 3902054
0b006101 0b00d001 10000 100 3475 2088925845 12569 12933
0b004501 0b004c01 10000 100 4489856 2081071011 7872834 3769900
0b000701 0b004b01 10000 100 9553929 2070389787 18596300 8020016
0b00d501 0b005701 10000 100 727714 2088382826 619468 620126
0b007d01 0b001e01 10000 100 63627 2088982775 66064 63359
0b00c201 0b008f01 10000 100 23839 2089166588 29552 29992
0b003501 0b001e01 10000 100 24545 2089378063 31453 30596
0b007a01 0b005001 10000 100 50338 2089320161 93238 52228
0b00f201 0b00c301 10000 100 835628 2088889093 709642 710604
0b005401 0b00b601 10000 100 24362 2089597984 49812 30449
0b006201 0b002d01 10000 100 220 2089972754 8805 10214
0b004301 0b004901 10000 100 1414677 2088845257 1190443 1191677
0b00f101 0b007401 10000 100 50703 2089984792 73083 52520
0b000f01 0b001a01 10000 100 38077 2089985084 73165 41959
0b00fc01 0b001c01 10000 100 78311 2090056215 75029 75682
0b006101 0b00bf01 10000 100 96602 2090077201 90339 91006
0b002201 0b00c301 10000 100 76302 2090254035 73339 73998
0b00ad01 0b003b01 10000 100 3588044 2087377240 3016275 3018252
0b007801 0b00ac01 10000 100 133872 2090321181 121708 122243
0b000e01 0b006701 10000 100 684741 2088954698 1500984 584096
0b00f701 0b000401 10000 100 25284 2090828050 30627 31225
0b005401 0b00a301 10000 100 15284333 2068788860 22087256 12824410
0b002f01 0b006501 10000 100 27388125 2067946979 22973805 22972237
0b00a701 0b009701 10000 100 4094 2090938675 12837 13467
0b006901 0b008901 10000 100 26315 2091016892 31658 32088
0b003701 0b002101 10000 100 9066 2091034791 17005 17636
0b00fd01 0b009501 10000 100 36232 2091015957 39763 40406
0b00ab01 0b005001 10000 100 3902780 2087702258 3570748 3282099
0b004601 0b00b201 10000 100 20306 2091333536 26415 27051
0b00f601 0b00db01 10000 100 209286 2091206114 184789 185492
0b001901 0b008401 10000 100 11099 2091419475 18707 19340
0b00d001 0b008601 10000 100 20045214 2074698987 16837780 16815937
0b009f01 0b00e701 10001 100 2379887 2089589049 2003721 2005301
0b001a01 0b00d701 10000 100 20869 2091572065 27031 27501
0b002601 0b00cb01 10000 100 26880 2091597038 31902 32540
0b006801 0b008201 10000 100 3232758 2088957246 2864864 2720353
0b005201 0b002e01 10000 100 7734092 2084451156 7394471 6494297
0b001a01 0b005701 10000 100 8370 2091982413 16560 17041
0b002401 0b003601 10000 100 2198670 2087869317 4228410 1853377
0b007c01 0b00ed01 10000 100 771821 2091473756 656175 657101
0b005a01 0b000901 10000 100 3661334 2089258109 3077803 3079688
0b007901 0b004b01 10000 100 9948352 2071333921 21315998 8350723
0b001601 0b000b01 10000 100 77326 2092929189 74197 74856
0b00fc01 0b008901 10000 100 136774 2093050525 123997 124680
0b009801 0b00fc01 10000 100 401369 2093176962 345743 346532
0b006701 0b009401 10000 100 8747 2093506765 17873 17343
0b00ae01 0b003401 10000 100 21944516 2064130834 29403682 18408300
0b007601 0b003901 10000 100 4351224 2086292407 7301455 3658096
0b004301 0b009c01 10000 100 185842 2093002212 631763 165816
0b00e201 0b00f101 10000 100 27424 2093607356 32375 33014
0b006101 0b005c01 10000 100 1713 2093876693 10818 11447
0b007f01 0b00b101 10000 100 141191 2094226230 141348 128405
0b00bf01 0b009e01 10000 100 2190 2094387795 11238 11867
0b00cf01 0b007401 10000 100 93757 2094245266 170014 88615
0b001a01 0b009001 10000 100 1167 2094581419 10381 11010
0b003401 0b00cd01 10000 100 5250 2094748370 13807 14430
0b001401 0b006f01 10000 100 1732083 2093313220 1460922 1462213
0b003701 0b005e01 10000 100 6813 2094962129 15088 15719
0b00bb01 0b003001 10000 100 21794 2095132771 45062 28280
0b00fc01 0b009b01 10000 100 1041700 2094313630 882328 883372
0b000901 0b007501 10000 100 1613393 2093944742 1361429 1362692
0b006b01 0b004501 10000 100 9372 2095342309 17249 17881
0b008e01 0b001c01 10000 100 33083 2095332062 37130 37772
0b007401 0b000801 10000 100 25689 2095680334 32867 31549
0b001a01 0b006001 10000 100 228156 2095548565 200599 201318
0b00b601 0b00ef01 10000 100 8780151 2088258925 7558262 7371311
0b005001 0b005101 10000 100 21118 2096121274 39952 23339
0b008d01 0b007f01 10000 100 2332820 2094206484 1970956 1965843
0b00c301 0b001101 10000 100 955047 2095514113 809737 810748
0b003e01 0b008b01 10000 100 9009098 2088910958 7559143 7563262
0b000b01 0b001501 10000 100 1909313 2094877133 1609412 1610794
0b00d501 0b005301 10000 100 50712 2096492351 51879 52528
0b001001 0b00a701 10000 100 2716083 2094306270 2285703 2287199
0b005301 0b002201 10000 100 21506 2096573562 27413 28049
0b00ae01 0b004b01 10000 100 8082882 2080349439 16720250 6786692
0b005201 0b000201 10000 100 6935921 2090823577 6328306 5825079
0b00ed01 0b007b01 10000 100 54739 2097097832 55541 55903
0b007c01 0b00e601 10000 100 38077 2097139679 41315 41959
0b005001 0b009001 10000 100 1719417 2095721946 1468187 1451581
0b00b501 0b003801 10000 100 27224142 2074289885 22922029 22834753
0b006a01 0b00ff01 10000 100 39224 2097576870 42271 42915
0b007d01 0b00f401 10000 100 606217 2097336010 517411 518282
0b006201 0b005f01 10000 100 31242 2097845345 49320 36222
0b000f01 0b007401 10000 100 13990229 2085651658 12288207 11739437
0b00d101 0b006701 10000 100 9374501 2087796503 10161020 7869600
0b007101 0b00a801 10000 100 26926 2098396461 31942 32577
0b006701 0b00ae01 10000 100 30382 2098460890 34855 35496
0b006c01 0b000801 10000 100 1392139 2097324798 1176027 1177202
0b004801 0b00af01 10000 100 49730 2098618668 51056 51704
0b00c301 0b005101 10000 100 1488152 2097555766 1256475 1257699
0b008e01 0b007401 10000 100 398 2098952632 9006 10356
0b00c401 0b000501 10000 100 2940355 2096525934 2473414 2475218
0b001201 0b006801 10000 100 29193722 2062034473 37255896 24486027
0b00bb01 0b00b601 10000 100 8331926 2092617806 7331080 6991089
0b007601 0b001701 10000 100 28755231 2071593512 28902261 24118415
0b00a601 0b003601 10000 100 9900201 2086933181 13682106 8310359
0b00ea01 0b005f01 10000 100 19891029 2066395454 36064719 16686676
0b006401 0b009c01 10000 100 29867082 2075277523 29247972 25050596
0b001e01 0b00d901 10000 100 24298030 2085026066 20375432 20381505
