0b006101 0b003e01 10000 100 23014 2000017115 30038 29332
0b00ac01 0b006c01 10000 100 66204 2000035738 70062 65536
0b002501 0b003a01 10000 100 1202 2000272328 10583 11038
0b003201 0b000101 10000 100 3135 2000292514 12271 12661
0b00cd01 0b00b001 10000 100 236434 2000152287 225991 208248
0b00d001 0b001401 10000 100 36316 2000423908 42513 40473
0b00dc01 0b000101 10000 100 48099 2000443783 53523 50360
0b00fa01 0b009e01 10000 100 7805 2000600401 16291 16551
0b000101 0b00ab01 10000 100 6557 2000624581 15222 15514
0b00cf01 0b007901 10000 100 8334 2000630922 16786 17012
0b00ff01 0b005901 10000 100 33390 2000950265 39765 38017
0b00fe01 0b003801 10000 100 62487 2001012282 66652 62408
0b003c01 0b00a301 10000 100 66926 2001009988 70612 66113
0b009b01 0b00c801 10000 100 38986 2001205763 44983 42686
0b006501 0b003001 10000 100 42167 2001229557 50638 45384
0b002001 0b00d101 10000 100 54110 2001291133 59153 55400
0b005f01 0b003601 10000 100 15041 2001384165 22735 22647
0b006f01 0b004c01 10000 100 78624 2001267195 157713 75932
0b005101 0b00e501 10000 100 44652 2001397057 50255 47449
0b007601 0b00fc01 10000 100 47669 2001409375 53053 49978
0b003501 0b00e301 10000 100 788038 2000788790 754896 670728
0b009f01 0b006201 10000 100 905477 2000834098 911953 769172
0b00c801 0b006e01 10000 100 2861 2001757877 11981 12404
0b005e01 0b001001 10000 100 65884 2001792996 69552 65241
0b00b101 0b005301 10000 100 13745 2001867789 22532 21533
0b009701 0b000501 10000 100 166689 2001928453 162110 149764
0b008a01 0b007001 10000 100 7450 2002136908 17412 16267
0b00c101 0b00a201 10000 100 70650 2002197119 74070 69246
0b00ef01 0b001201 10000 100 40529 2002352549 46438 43997
0b002b01 0b00e501 10000 100 6609 2002437465 20081 15556
0b002b01 0b00db01 10000 100 1087738 2001317204 1154537 921969
0b00b101 0b00c301 10000 100 125593 2002632272 124247 115312
0b007001 0b007e01 10000 100 2616 2002808422 7317 7808
0b004201 0b004601 10000 100 47609 2002817460 48684 45530
0b005c01 0b004101 10000 100 1689067 2001178338 1718757 1426149
0b005401 0b007101 10000 100 721904 2002303418 756319 615248
0b00fe01 0b002f01 10000 100 13577 2003088169 32372 21399
0b003901 0b008e01 10000 100 1416112 2001323794 1798215 1197302
0b007101 0b007201 10000 100 48765 2003174046 49720 46493
0b007901 0b000301 10000 100 11546 2003235089 19568 19697
0b002b01 0b005701 10000 100 24820 2003327650 31595 30816
0b006001 0b007a01 10000 100 60179 2003512216 64588 60485
0b00c601 0b00a901 10000 100 1458224 2002234746 1451738 1232604
0b00bf01 0b00d901 10000 100 49142 2003756103 54356 51233
0b004901 0b001c01 10000 100 2361 2003815175 12232 12004
0b001101 0b001f01 10000 100 744973 2003193696 688435 630186
0b00bd01 0b00c601 10000 100 57125 2003868887 61768 57927
0b003901 0b00de01 10000 100 1275805 2002398068 1559465 1079642
0b007501 0b004a01 10000 100 165484 2003838388 161043 148761
0b00bb01 0b002101 10000 100 76418 2003993805 79374 74091
0b007901 0b001e01 10000 100 6352 2004086660 15058 15350
0b001b01 0b002c01 10000 100 20456 2004099464 27642 27171
0b00f401 0b00ac01 10000 100 142049 2004051775 196656 129130
0b001301 0b002c01 10000 100 145019 2004125091 142170 131621
0b00d601 0b006f01 10000 100 3063305 2001152241 3276939 2578301
0b007601 0b002601 10000 100 52019 2004452274 57131 53650
0b009e01 0b00e301 10000 100 34801 2004519358 41101 39184
0b006c01 0b004901 10000 100 140899 2004338506 261671 128133
0b00ee01 0b00a701 10000 100 147073 2004449397 202008 133341
0b00a001 0b002601 10000 100 195854 2004643580 188816 174209
0b009301 0b00da01 10000 100 28638 2004800341 35236 34024
0b00ff01 0b00ef01 10000 100 3184 2004831917 12546 12700
0b00ec01 0b00b701 10000 100 2323 2004858700 11551 11973
0b001701 0b007701 10000 100 14736 2004885203 22374 22364
0b006501 0b009a01 10000 100 6141 2005042042 14889 15181
0b006b01 0b00e901 10000 100 33100 2005069200 39533 37785
0b003001 0b003201 10000 100 4826274 2000684923 4433648 4051976
0b000401 0b003701 10000 100 23980 2005073968 51383 30105
0b000101 0b006301 10000 100 5676 2005128680 14513 14771
0b007001 0b00d301 10000 100 4011 2005139976 13043 13400
0b007301 0b009301 10000 100 29356 2005125269 36048 34636
0b005701 0b009101 10000 100 31424 2005165403 37910 36368
0b005301 0b003701 10000 100 4766042 2000461060 4775106 4005886
0b002e01 0b007401 10000 100 26851 2005186705 59993 32517
0b000901 0b009701 10000 100 590 2005261277 9530 10510
0b00b901 0b00a801 10000 100 3610776 2001635663 3677893 3037283
0b007c01 0b005201 10000 100 4760 2005359947 13642 14000
0b009901 0b000901 10000 100 27183 2005412354 33950 32821
0b008e01 0b006a01 10000 100 1359893 2004063587 1399027 1150138
0b008b01 0b006d01 10000 100 19401 2005468018 42887 26288
0b008701 0b00f601 10000 100 73158 2005508627 140505 71368
0b000701 0b00f401 10000 100 367253 2005226007 447444 317933
0b00c101 0b00e701 10000 100 16356 2005675489 23900 23737
0b008801 0b006601 10000 100 2575079 2003179579 2539176 2168981
0b003b01 0b008c01 10000 100 1437108 2004347011 1470201 1214905
0b001f01 0b00f801 10000 100 76136 2005745237 79281 73865
0b000b01 0b001901 10000 100 31600 2005806085 37977 36508
0b000c01 0b00ef01 10000 100 5281 2005919699 14130 14455
0b00f901 0b002501 10000 100 44494 2005862953 90070 47323
0b007d01 0b00cc01 10000 100 1057402 2004964525 1039699 896548
0b007001 0b003701 10000 100 573859 2005472904 535603 491128
0b00e601 0b00e301 10000 100 8567 2006051360 12504 12799
0b003f01 0b00e401 10000 100 385560 2005780629 418329 333270
0b009801 0b009301 10000 100 8213 2006243076 18839 12516
0b005601 0b00be01 10000 100 16997 2006296569 25398 24250
0b004001 0b00f101 10000 100 74653 2006357792 77629 72602
0b005701 0b003601 10000 100 6178 2006421385 15135 15211
0b001f01 0b00bd01 10000 100 184847 2006278819 250453 164981
0b005801 0b004c01 10000 100 1830179 2004755247 1813383 1544453
0b00a301 0b00c601 10000 100 1511888 2005118638 1508465 1277571
0b000201 0b003101 10000 100 58021 2006637704 62627 58682
0b00d601 0b009f01 10000 100 45475 2006660237 51170 48146
0b00ea01 0b007b01 10000 100 25119 2006709035 31953 31093
0b008601 0b00a001 10000 100 63512 2006739393 67399 63267
0b00cf01 0b004901 10000 100 9500 2006827839 24873 17984
0b006f01 0b00a601 10000 100 55030 2006781125 105161 56174
0b000301 0b009a01 10000 100 41485 2006844844 47376 44800
0b002901 0b004a01 10000 100 27558 2006923411 34082 33121
0b007001 0b00a801 10000 100 27043 2007026731 33929 32709
0b00b501 0b00da01 10000 100 31474 2007079696 37756 36408
0b004e01 0b007601 10000 100 7578 2007168080 22027 16369
0b00a701 0b001a01 10000 100 1931190 2005266567 1968957 1629140
0b005b01 0b00d701 10000 100 1824508 2005484998 1806853 1539686
0b005c01 0b006601 10000 100 55158 2007240095 60125 56276
0b00b001 0b006c01 10000 100 4457 2007367850 13834 13757
0b00c401 0b007301 10000 100 440114 2007383583 413001 379025
0b009b01 0b001801 10000 100 59430 2007784353 63794 59848
0b003201 0b004401 10000 100 123768 2007483398 403034 113776
0b007001 0b008601 10000 100 730077 2007307046 732171 622132
0b00ee01 0b00fe01 10000 100 7887 2008070624 22746 16616
0b00ab01 0b00fe01 10000 100 1666142 2006490493 1660317 1406926
0b003c01 0b009501 10000 100 1524214 2006672576 1530109 1287931
0b005401 0b002201 10000 100 25634 2008246293 32365 31505
0b000301 0b002601 10000 100 486714 2007791212 518916 418072
0b008301 0b007701 10000 100 76078 2008271065 110721 73819
0b001001 0b00f501 10000 100 36609 2008338823 45027 40708
0b00f501 0b00a401 10000 100 5858531 2002474852 5954562 4921810
0b00f401 0b001d01 10000 100 3977559 2004374523 4094216 3344802
0b007a01 0b007401 10000 100 4668253 2004157272 4321723 3919492
0b009c01 0b00f501 10000 100 38243 2008627208 56750 42092
0b003501 0b001501 10000 100 42291 2008697032 47990 45484
0b005e01 0b008901 10000 100 8936 2008758562 18560 17494
0b000b01 0b003201 10000 100 2376219 2006526989 2411392 2002252
0b00ac01 0b002d01 10000 100 87370 2009116837 89471 83275
0b005a01 0b006a01 10000 100 404853 2008786220 439208 349434
0b00f101 0b00ea01 10000 100 9571 2009287936 18036 18040
0b00ce01 0b00c201 10000 100 1452346 2008010941 1337510 1223272
0b009801 0b00c301 10000 100 2706591 2006234645 3114316 2279221
0b00b001 0b00e101 10000 100 1048414 2008347157 1034461 889012
0b004801 0b006d01 10000 100 36385 2009402487 42567 40528
0b009b01 0b004201 10000 100 52641 2009428869 57645 54148
0b00a801 0b00a601 10000 100 73713 2009431804 72568 67412
0b00b001 0b006501 10000 100 18152 2009585806 25487 25251
0b006d01 0b00a301 10000 100 30532 2009583813 37074 35616
0b00a101 0b000101 10000 100 1746132 2007875429 1754071 1473990
0b007d01 0b002c01 10000 100 4842 2009635224 13708 14065
0b002e01 0b00a201 10000 100 78388 2009801513 81289 75744
0b00e701 0b006901 10000 100 2252978 2007657637 2240023 1898897
0b00ba01 0b004401 10000 100 8524838 2001279554 8673053 7157230
0b00cb01 0b009201 10000 100 2051670 2007918130 2066672 1730132
0b001601 0b00dd01 10000 100 14179 2010141748 23244 21919
0b002301 0b001201 10000 100 205191 2010052560 197400 182063
0b004501 0b00f201 10000 100 2199363 2008222416 2215995 1853970
0b00dd01 0b005701 10000 100 642 2010577372 10232 10552
0b009d01 0b004901 10000 100 7191111 2003308881 7410823 6039061
0b006201 0b002601 10000 100 1586 2010719427 10610 11345
0b005701 0b008f01 10000 100 797752 2009943935 801857 678844
0b009801 0b00b701 10000 100 73467 2010713970 136526 71615
0b006401 0b00cb01 10000 100 5558 2010855782 14352 14676
0b006901 0b000401 10000 100 806396 2010065616 817458 686105
0b009e01 0b006501 10000 100 23712 2010932342 30625 29891
0b00ce01 0b000401 10000 100 23363 2010948414 30677 29612
0b00c101 0b003c01 10000 100 2956612 2008013978 2985396 2488838
0b000c01 0b005201 10000 100 2845 2011009109 11968 12391
0b003001 0b007601 10000 100 54050 2010969769 58919 55352
0b00f301 0b00b701 10000 100 21195 2011056260 28368 27800
0b009a01 0b004901 10000 100 1052 2011114128 10354 10918
0b009901 0b000a01 10000 100 69514 2011096576 80570 68299
0b002101 0b004701 10000 100 141640 2010997535 205068 128764
0b00ef01 0b00e501 10000 100 706 2011271743 5412 6203
0b002301 0b008401 10000 100 6255 2011264633 15163 15272
0b00fd01 0b00c001 10000 100 29407 2011325121 64454 34677
0b006e01 0b00fb01 10000 100 6030 2011380921 15472 15092
0b007b01 0b001e01 10000 100 1304531 2010138344 1265581 1103736
0b00aa01 0b003701 10000 100 34029 2011377476 40418 38567
0b004f01 0b00df01 10000 100 1252897 2010288801 1214391 1060432
0b001301 0b002501 10000 100 6932497 2004485299 7030845 5822224
0b00ff01 0b006401 10000 100 41609 2011599519 48916 44900
0b005701 0b000001 10000 100 52682 2011594810 61067 54180
0b005001 0b002301 10000 100 25778 2011666930 40802 31620
0b009d01 0b00b301 10000 100 7785 2011697670 21871 16535
0b007201 0b002c01 10000 100 131223 2011721965 129470 120047
0b003f01 0b00e201 10000 100 46115 2011813217 51684 48696
0b00c001 0b003901 10000 100 55036 2011833489 62008 56179
0b000d01 0b00b301 10000 100 853868 2011059880 867856 725888
0b00ce01 0b008501 10000 100 534494 2011398187 564778 458139
0b00d101 0b005101 10000 100 25657 2011897825 94492 31524
0b00ee01 0b001701 10000 100 15761 2011979746 23311 23223
0b002801 0b005e01 10000 100 6576964 2005479434 6562315 5524128
0b004501 0b006701 10000 100 1218687 2011111424 1188226 1031759
0b00bb01 0b004301 10000 100 1065420 2011273162 1051471 903270
0b00eb01 0b00c501 10000 100 334851 2011963048 387362 290744
0b00d801 0b002101 10000 100 190253 2012189004 183892 169536
0b008a01 0b006701 10000 100 25552 2012401913 53823 31440
0b00ef01 0b00fd01 10000 100 25355 2012407442 57198 31282
0b009a01 0b00a501 10000 100 1520197 2010972574 1526805 1284564
0b00ff01 0b00df01 10000 100 17885 2012525893 25892 24999
0b006f01 0b00ff01 10000 100 7898750 2002306724 10260988 6632321
0b008b01 0b002f01 10000 100 9488438 2003052288 9610941 7965128
0b000e01 0b009601 10000 100 27906 2012672557 88653 33400
0b00ee01 0b00ef01 10000 100 8878 2012777523 12753 13048
0b004701 0b00e201 10000 100 11560 2012899603 19592 19708
0b007101 0b008801 10000 100 6571 2012996586 15360 15525
0b00d001 0b00bf01 10000 100 19512 2013068398 26853 26377
0b001d01 0b003801 10000 100 1161234 2012214986 1193584 983608
0b006801 0b00ec01 10000 100 108809 2013314092 109000 101232
0b00ec01 0b00b501 10000 100 48866 2013426342 54139 50974
0b00ae01 0b008401 10000 100 56382 2013438553 60978 57294
0b006c01 0b00f701 10000 100 10977802 2002306766 11221981 9213796
0b006701 0b00f501 10000 100 26679 2013634228 33201 32380
0b003701 0b003d01 10000 100 39987 2013643153 43049 39125
0b007a01 0b00eb01 10000 100 8306 2013687151 16843 16990
0b001c01 0b000f01 10000 100 128589 2013645132 158447 117824
0b006701 0b00e501 10000 100 23965 2013784676 30879 30093
0b00c401 0b003f01 10000 100 3049 2013814894 14800 12592
0b00b801 0b009201 10000 100 69108 2013855320 72635 67974
0b001d01 0b005401 10000 100 70455 2013865640 80637 69090
0b009001 0b00c001 10000 100 4154872 2009759922 4198234 3493449
0b003301 0b001b01 10000 100 1105683 2012869868 1089108 937016
0b00b701 0b00ad01 10000 100 30846 2014038784 37300 35867
0b00d401 0b009501 10000 100 1561564 2012530921 1561009 1319232
0b000001 0b002f01 10000 100 15377 2014070987 35538 22916
0b009101 0b008c01 10000 100 62601 2014040127 118131 62500
0b00a201 0b007b01 10000 100 1615571 2012514080 1688159 1364511
0b00c401 0b00b001 10000 100 2894212 2011370778 2832896 2436537
0b001d01 0b005e01 10000 100 28425 2014169406 35117 33853
0b00bc01 0b00e901 10000 100 2503906 2011219225 3102108 2109278
0b00fd01 0b00be01 10000 100 75210 2014248868 83983 73086
0b00ef01 0b00cf01 10000 100 18302 2014364704 41098 25371
0b007901 0b00f201 10000 100 58617 2014351522 115697 59159
0b001f01 0b003701 10000 100 464959 2012867691 1619199 399823
0b00bd01 0b001601 10000 100 66758 2014365650 134573 65979
0b000e01 0b004601 10000 100 1740187 2011514356 3025903 1469004
0b00c701 0b003701 10000 100 2133075 2012019099 2532475 1798405
0b00c101 0b007401 10000 100 28071 2014523845 36450 33570
0b000801 0b00fd01 10000 100 5210681 2009278248 5347241 4378647
0b00ef01 0b006901 10000 100 1132121 2013531042 1114158 959204
0b004401 0b005e01 10000 100 49690 2014665883 55055 51672
0b00e001 0b004801 10000 100 8243 2014708323 17203 16940
0b00c101 0b005901 10000 100 24056 2014787375 33427 30204
0b00cc01 0b002601 10000 100 66496 2014808509 70186 65769
0b006a01 0b00fa01 10000 100 1505106 2013390658 1509948 1271915
0b00f101 0b008d01 10000 100 1765857 2013193300 1751674 1490500
0b009d01 0b004c01 10000 100 1622235 2013272552 1691838 1370111
0b00d301 0b00e501 10000 100 21870 2014950704 35962 28340
0b00a001 0b008e01 10000 100 27542 2014953884 34237 33108
0b00fe01 0b00ea01 10000 100 523086 2014526544 530337 448590
0b002201 0b00ef01 10000 100 5681 2015043561 14968 14775
0b00cb01 0b006601 10000 100 1444336 2013692112 1394391 1220956
0b006401 0b00b301 10000 100 2243 2015109283 11487 11909
0b00af01 0b005401 10000 100 1981356 2013080387 2053425 1671193
0b007601 0b004601 10000 100 1930280 2012691073 2457085 1628374
0b005f01 0b00b801 10000 100 75704 2015115014 78168 73481
0b003b01 0b00f201 10000 100 1070523 2014156309 1118874 907544
0b005801 0b004b01 10000 100 5358 2015421976 14192 14516
0b00f801 0b006001 10000 100 623 2015442799 9601 10536
0b003601 0b00a801 10000 100 4014212 2011388763 4111859 3375545
0b007a01 0b00a601 10000 100 73708 2015448941 76773 71808
0b006f01 0b007e01 10000 100 6066276 2007174698 8354389 5095993
0b005801 0b007d01 10000 100 26044 2015525209 55988 31872
0b000601 0b00c901 10000 100 72153 2015550531 75421 70525
0b009801 0b007701 10000 100 6510728 2008412303 7344107 5468604
0b009d01 0b008e01 10000 100 751525 2015013537 764051 640096
0b00c401 0b004a01 10000 100 43260 2015696372 89094 46297
0b006301 0b005101 10000 100 31182 2015758015 37751 36174
0b001f01 0b004201 10000 100 64840 2015695436 134872 64368
0b008501 0b005301 10000 100 21019 2015842999 45596 27660
0b006801 0b006c01 10000 100 52703 2015935473 53405 49797
0b00b101 0b001a01 10000 100 812555 2015139346 900110 691263
0b00b101 0b009501 10000 100 101051 2015892829 172814 94757
0b00c301 0b008901 10000 100 1908077 2014171414 1965287 1609767
0b001001 0b00b101 10000 100 365880 2015777461 419578 316758
0b007001 0b00aa01 10000 100 6857 2016198512 15631 15754
0b006101 0b007401 10000 100 78624 2016191613 81363 75932
0b009501 0b004a01 10000 100 73675 2016159093 146898 71781
0b00e001 0b009c01 10000 100 65282 2016333221 69212 64760
0b003001 0b00ce01 10000 100 16093 2016416266 23690 23527
0b009a01 0b00f501 10000 100 18636 2016439727 25978 25638
0b008501 0b00c101 10000 100 6494818 2009854173 6692305 5455262
0b008f01 0b004101 10000 100 788141 2015782289 818422 670810
0b003101 0b00be01 10000 100 21386 2016632265 30048 27953
0b001901 0b00d101 10000 100 49099 2016666009 99845 51199
0b008f01 0b007c01 10000 100 15662 2016896764 23319 23144
0b00da01 0b00f401 10000 100 8084487 2008840934 8116751 6788053
0b005b01 0b006601 10000 100 1553142 2015422604 1548488 1312187
0b003d01 0b003601 10000 100 1866181 2015330386 1730043 1570237
0b00d501 0b00bf01 10000 100 38245 2017047349 76383 42093
0b002601 0b003201 10000 100 9056 2017116351 17434 17628
0b00d501 0b004a01 10000 100 6516097 2010454902 6706775 5473130
0b00e301 0b006901 10000 100 56869 2017121614 61492 57684
0b005a01 0b00e601 10000 100 1666924 2015491481 1724921 1407552
0b005e01 0b007201 10000 100 1363234 2015859604 1395711 1152964
0b00f701 0b00ea01 10000 100 592842 2016645651 616012 507044
0b00f001 0b006e01 10000 100 9517994 2006922864 10410264 7989886
0b001001 0b006f01 10000 100 1919 2017387852 11505 11612
0b005f01 0b00b901 10000 100 1135439 2016252217 1187518 961973
0b00d301 0b007701 10000 100 1250591 2014771279 2767776 1058511
0b00d301 0b005001 10000 100 319838 2016985789 740759 278158
0b001401 0b009001 10000 100 44350 2017744513 49948 47208
0b00bf01 0b001c01 10000 100 1007220 2016725892 1082975 854483
0b004601 0b00f601 10000 100 100162 2017815584 101253 94008
0b00fd01 0b00b601 10000 100 76736 2017996494 79639 74345
0b00b001 0b004201 10000 100 1806527 2016323133 1793353 1524610
0b00e701 0b009f01 10000 100 29567 2018142826 36154 34805
0b00de01 0b00d101 10000 100 2782183 2015619152 2611002 2338213
0b008f01 0b00af01 10000 100 6037 2018255498 17514 15098
0b00ec01 0b00a501 10000 100 1958614 2016316878 1988264 1652116
0b00d201 0b000c01 10000 100 1552749 2016764728 1558607 1311834
0b009101 0b009301 10000 100 8657643 2010405323 7998570 7264181
0b006b01 0b007d01 10000 100 1224073 2016447834 2069978 1036298
0b004b01 0b001b01 10000 100 841472 2016845035 1702764 715510
0b000b01 0b009101 10000 100 25319 2018617013 33435 31253
0b002901 0b003b01 10000 100 71507 2018607912 74835 69970
0b000801 0b006401 10000 100 2317899 2016256449 2559648 1953330
0b001001 0b00a901 10000 100 133495 2018713689 131269 121941
0b00aa01 0b005b01 10000 100 1863 2018922970 11112 11567
0b002d01 0b00b701 10000 100 2210989 2016768018 2224542 1863693
0b007901 0b007d01 10000 100 6318 2019121479 15869 10923
0b004001 0b00dd01 10000 100 76666 2018932792 208742 74289
0b00ca01 0b00f601 10000 100 8836 2019174271 18019 17414
0b003401 0b003801 10000 100 30391 2019167271 33012 31103
0b00c501 0b00dd01 10000 100 1181063 2017963967 1290304 1000239
0b00ed01 0b004001 10000 100 4832 2019454615 13700 14057
0b00bc01 0b000801 10000 100 3860573 2009048944 10428761 3246720
0b005901 0b002e01 10000 100 1424043 2018058502 1471626 1203954
0b00b501 0b009d01 10000 100 1125216 2018484030 1167281 953411
0b006a01 0b00bb01 10000 100 1062747 2018549002 1108171 901016
0b008401 0b005e01 10000 100 77321 2019592568 82065 74852
0b009201 0b00bc01 10000 100 58109 2019603581 121313 58752
0b005001 0b005a01 10000 100 32677 2019727496 35091 33008
0b007c01 0b002901 10000 100 182758 2019624159 176765 163233
0b00d801 0b00f701 10000 100 7656 2019907664 16343 16432
0b001a01 0b008101 10000 100 20956 2019910005 27838 27571
0b00cf01 0b006201 10000 100 119695 2019973246 119138 110364
0b000f01 0b00c601 10000 100 2530930 2015825760 4272949 2131934
0b008501 0b001901 10000 100 3258942 2016763258 3351495 2742299
0b006401 0b00b101 10000 100 3981739 2016200517 4053389 3348300
0b00b701 0b007301 10000 100 28977 2020240849 37006 34295
0b00da01 0b008d01 10000 100 2001941 2018338830 2048906 1688429
0b00d201 0b00dc01 10000 100 9918 2020409509 28524 13918
0b009e01 0b001501 10000 100 68236 2020447073 109941 67238
0b003a01 0b00dc01 10000 100 3876964 2016570541 4014088 3260448
0b007c01 0b007201 10000 100 78113 2020548622 76709 71124
0b004801 0b009a01 10000 100 17696 2020585522 47739 24848
0b00c901 0b007e01 10000 100 2728518 2017962922 2712105 2297608
0b007901 0b004d01 10000 100 25883 2020718167 32626 31704
0b00c601 0b00da01 10000 100 182305 2020648593 178787 162871
0b008801 0b00bb01 10000 100 44181 2020812289 49965 47072
0b00a001 0b003901 10000 100 39526 2020786821 108736 43156
0b005c01 0b00c601 10000 100 2620197 2016988496 3949008 2206804
0b00e201 0b00ac01 10000 100 58076 2020906928 62658 58726
0b005c01 0b009d01 10000 100 21371 2020994185 28647 27941
0b00be01 0b00f001 10000 100 19980 2021125957 73464 26752
0b00f001 0b008401 10000 100 5099381 2015172853 6028434 4285344
0b00d901 0b009e01 10000 100 48298 2021010104 217057 50520
0b008f01 0b001101 10000 100 20348 2021442433 27556 27084
0b00a701 0b00b601 10000 100 56689 2021451427 61420 57540
0b008701 0b00f201 10000 100 241618 2021317996 267760 212587
0b004801 0b007d01 10000 100 8899112 2011561651 10087877 7471049
0b00d301 0b004c01 10000 100 4876303 2015578972 6140572 4098319
0b003e01 0b00fb01 10000 100 42666 2021793197 85510 45784
0b00e301 0b00da01 10000 100 9773 2021885253 18168 18202
0b00dc01 0b005401 10000 100 38408 2021867412 44438 42224
0b008d01 0b00d101 10000 100 2788 2021976414 11923 12345
0b000101 0b002201 10000 100 5860554 2016094702 5901791 4923505
0b00a801 0b005701 10000 100 7605934 2014380474 7631061 6386817
0b006d01 0b000801 10000 100 6850457 2009947166 12069992 5753444
0b009501 0b00e301 10000 100 49866 2021966352 55048 51812
0b002c01 0b00b101 10000 100 8211 2022100421 16687 16914
0b00f601 0b00be01 10000 100 42612 2022108194 49197 45740
0b001e01 0b00fc01 10000 100 7711753 2013663596 8575475 6475543
0b009a01 0b004f01 10000 100 65320 2022247505 70766 64790
0b003001 0b009301 10000 100 63043 2022353277 67200 62892
0b004e01 0b001601 10000 100 19780516 2002585348 19869505 16594003
0b008201 0b001c01 10000 100 494920 2021923274 560898 424944
0b001e01 0b00a601 10000 100 1396066 2020307201 2232275 1180497
0b006e01 0b007301 10000 100 142789 2022632961 139998 129722
0b00ff01 0b000c01 10000 100 2197080 2020781973 2218502 1852067
0b000001 0b00cd01 10000 100 11542390 2004521247 18555420 9687163
0b00f801 0b00c701 10000 100 32011 2023161089 38619 36876
0b006401 0b005901 10000 100 33470 2023209959 39910 38081
0b001f01 0b00f201 10000 100 2590 2023393560 12372 12187
0b00a601 0b00b701 10000 100 293479 2022881013 579266 256072
0b000e01 0b001d01 10000 100 36587 2023463222 44217 40690
0b00f201 0b00a301 10000 100 22845 2023506096 50274 29159
0b001701 0b00e001 10000 100 3464 2023548716 12554 12924
0b00c801 0b00cd01 10000 100 8293584 2015060796 8506979 6958956
0b000701 0b001501 10000 100 20566 2023545577 44147 27259
0b000801 0b000201 10000 100 4534 2023617302 9339 9419
0b001b01 0b00dd01 10000 100 21581 2023631178 29583 28109
0b00dc01 0b009501 10000 100 3415 2023649381 14578 12885
0b007401 0b00fd01 10000 100 1246098 2022371800 1314228 1054763
0b00a601 0b00ca01 10000 100 3896191 2018932282 4826261 3276597
0b00aa01 0b00cb01 10000 100 66371 2023780735 70243 65669
0b005601 0b000801 10000 100 2664231 2016667876 7263583 2243720
0b00de01 0b00ca01 10000 100 1542520 2018634121 5304314 1303267
0b00f801 0b002a01 10000 100 5516 2023948901 19468 14643
0b006301 0b00bb01 10000 100 91932 2023957393 120151 87078
0b001a01 0b007c01 10000 100 15173 2024056331 22860 22752
0b000401 0b00ba01 10000 100 41704 2024046301 49802 44976
0b008301 0b000a01 10000 100 41607 2024101343 49277 44898
0b008d01 0b00f101 10000 100 75939 2024086996 79025 73669
0b002c01 0b006e01 10000 100 23804 2024194545 85854 29964
0b00c801 0b001a01 10000 100 27164 2024334832 34032 32806
0b001c01 0b00fa01 10000 100 5519097 2018797866 5608943 4637245
0b00d201 0b009e01 10000 100 4399055 2019956431 4456123 3698204
0b00ba01 0b002701 10000 100 970798 2023384398 1035995 823924
0b006701 0b00b101 10000 100 168382 2024390212 163747 151195
0b002001 0b009a01 10000 100 21687 2024507913 46676 28194
0b006401 0b00cf01 10000 100 39935 2024586992 46083 43484
0b00eb01 0b001f01 10000 100 3737317 2020953827 3741654 3143392
0b001e01 0b005a01 10000 100 4848 2024696806 13934 14070
0b007a01 0b008c01 10000 100 106243 2024628391 106856 99103
0b002001 0b00ce01 10000 100 90343 2024721844 92212 85768
0b00db01 0b00d301 10000 100 15151470 2010376405 14468473 12708612
0b002101 0b00f601 10000 100 63781 2024953818 67877 63482
0b005101 0b00a101 10000 100 62553 2025099831 96422 62461
0b008e01 0b006901 10000 100 56544 2025193604 61274 57424
0b005301 0b00ea01 10000 100 4100474 2021136558 4130555 3447857
0b006b01 0b003401 10000 100 141259 2025042167 230722 128460
0b005201 0b00ad01 10000 100 6581730 2018638902 6697163 5528132
0b00e701 0b007701 10000 100 664660 2024657603 683406 567264
0b006f01 0b002a01 10000 100 4287489 2021039489 4341007 3604650
0b006a01 0b005701 10000 100 11286 2025387262 19799 19489
0b007d01 0b00a801 10000 100 40435 2025393679 46351 43922
0b00df01 0b00e101 10000 100 21871 2025508090 28918 28341
0b001401 0b00f401 10000 100 1753920 2023771688 1800534 1480489
0b009801 0b00fe01 10000 100 21948 2025551314 30009 28403
0b008201 0b009801 10000 100 38436 2025539386 45071 42246
0b00fd01 0b009901 10000 100 77576 2025454246 143820 75056
0b006301 0b005e01 10000 100 3803962 2021715969 3949897 3199243
0b00ba01 0b008701 10000 100 230905 2025450101 220877 203594
0b00bc01 0b009a01 10000 100 8000017 2016910436 8793978 6717252
0b00a901 0b004c01 10000 100 6964 2025705107 15548 15840
0b00e401 0b009c01 10000 100 1155465 2024682716 1130368 978762
0b007f01 0b00b501 10000 100 23531 2025819174 31668 29746
0b00af01 0b005601 10000 100 66296 2025732670 133895 65609
0b001b01 0b00e101 10000 100 48942 2025927671 118969 51035
0b001d01 0b000101 10000 100 6117887 2019560687 6495018 5139240
0b001a01 0b00bc01 10000 100 6528 2026242981 19772 15491
0b005401 0b007001 10000 100 16010 2026282350 23640 23460
0b003c01 0b002501 10000 100 5395 2026299820 18013 14546
0b00af01 0b007601 10000 100 1606922 2024633681 1714624 1357246
0b00f301 0b002e01 10000 100 49247 2026558704 54558 51317
0b00dc01 0b00ee01 10000 100 3627199 2022763295 3891031 3051074
0b006401 0b006e01 10000 100 50640 2026646039 51421 48070
0b003d01 0b005d01 10000 100 4110499 2022327329 4435823 3456261
0b007c01 0b008d01 10000 100 5687 2026763081 18538 14780
0b007101 0b002901 10000 100 1393540 2025440516 1409680 1178361
0b00d101 0b00ea01 10000 100 33775 2026846041 68294 38325
0b000901 0b008501 10000 100 9827 2026965944 33821 18245
0b00ed01 0b008301 10000 100 76695 2026908066 150886 74312
0b003d01 0b000b01 10000 100 35016 2027073242 41337 39395
0b004901 0b001a01 10000 100 5439 2027146065 14334 14581
0b008801 0b001901 10000 100 75300 2027093921 83753 73158
0b00bf01 0b001c01 10001 100 257564 2026993667 245570 225958
0b007d01 0b00ef01 10000 100 455369 2026752861 523898 391805
0b003d01 0b006801 10000 100 21107 2027273278 43298 27730
0b001001 0b005a01 10000 100 977717 2026338780 986704 829728
0b00fc01 0b004401 10000 100 79590 2027376401 84214 76744
0b00a001 0b00d801 10000 100 148244 2027315944 145327 134316
0b00a901 0b006201 10000 100 927972 2026671020 925573 788012
0b00dd01 0b001f01 10000 100 63928 2027589893 67869 63600
0b00b001 0b005701 10000 100 829929 2026895431 847742 705815
0b000b01 0b00c101 10000 100 4625 2027800179 13254 13892
0b002e01 0b00cb01 10000 100 41505 2027809143 47306 44816
0b004f01 0b008301 10000 100 4710369 2023063447 4805182 3959197
0b006c01 0b00ea01 10000 100 1078623 2025931540 2000094 914332
0b008201 0b00bd01 10000 100 8931 2027948819 24435 17490
0b004e01 0b000901 10000 100 164384 2027836757 172637 147843
0b00ee01 0b00f801 10000 100 4116513 2023826346 4191439 3461303
0b002e01 0b006a01 10000 100 3461 2028013431 12532 12922
0b00a701 0b00d801 10000 100 118779 2027984002 118096 109592
0b000201 0b00a501 10000 100 20561 2028085482 28135 27255
0b00ad01 0b006b01 10000 100 734319 2027368413 745544 625679
0b002c01 0b009501 10000 100 7420 2028106798 16034 16243
0b009301 0b00e701 10000 100 48881 2028048379 81390 50986
0b001201 0b004401 10000 100 109018 2028022770 109300 101438
0b007301 0b008c01 10000 100 36431 2028174486 76269 40565
0b00cd01 0b004501 10000 100 629400 2027661029 630736 537712
0b006c01 0b005501 10000 100 2666953 2024777865 3520217 2245975
0b008201 0b00b601 10000 100 676940 2027604294 703464 577548
0b003c01 0b003301 10000 100 185437 2028051812 275167 161092
0b002101 0b002701 10000 100 1769362 2026857598 1628373 1489057
0b00bb01 0b00fc01 10000 100 1749750 2026720786 1798060 1477000
0b001c01 0b00d801 10000 100 30183 2028559367 36953 35336
0b000901 0b001b01 10000 100 6910543 2016531973 12121164 5803816
0b00c401 0b00e401 10000 100 964626 2027728374 953440 818756
0b002801 0b005601 10000 100 797066 2027866345 861131 678296
0b00a401 0b00e501 10000 100 25668 2028700511 32488 31532
0b009701 0b00a701 10000 100 2233 2028789595 11479 11901
0b007b01 0b006401 10000 100 50738 2028798183 55917 52548
0b00d901 0b007e01 10000 100 1968739 2026909122 2041816 1660600
0b003501 0b00c501 10000 100 10075 2028937700 19125 18482
0b005d01 0b006701 10000 100 177460 2028660563 318517 158803
0b00a701 0b00f901 10000 100 34056 2028894166 105984 38588
0b00ef01 0b000601 10000 100 306798 2028473040 543021 267227
0b00fd01 0b00f701 10000 100 51668 2028948451 95037 48931
0b003901 0b006d01 10000 100 17119 2029054295 24629 24386
0b003401 0b003c01 10000 100 48716 2029026883 53673 46454
0b000c01 0b003301 10000 100 658125 2028461570 687711 561805
0b008401 0b00af01 10000 100 34031 2029133692 152152 38568
0b006701 0b008c01 10000 100 1269835 2028047767 1338466 1074636
0b003c01 0b006801 10000 100 7059637 2022297517 7159074 5928813
0b00c501 0b00c101 10000 100 55 2029466865 4370 5682
0b001901 0b001501 10000 100 7514090 2022628780 6927337 6305448
0b00f101 0b007a01 10000 100 333770 2029382785 315601 289841
0b000401 0b008801 10000 100 19148 2029719413 26730 26086
0b004101 0b000901 10000 100 8011 2029729875 18049 16754
0b006a01 0b00b201 10000 100 586005 2029237216 546867 501344
0b005501 0b003a01 10000 100 185875 2029259570 560413 165842
0b000b01 0b003401 10000 100 7385 2029887995 16056 16215
0b006101 0b008401 10000 100 812161 2029228119 819285 690948
0b004501 0b007601 10000 100 20639 2030206890 27852 27317
0b006a01 0b00b901 10000 100 10425 2030348052 18614 18762
0b000301 0b00ee01 10000 100 2781691 2027505788 2875607 2342181
0b00cf01 0b003f01 10000 100 14613 2030367529 23977 22266
0b00a001 0b003601 10000 100 21379 2030424961 30091 27948
0b004901 0b006b01 10000 100 5351 2030541362 14166 14511
0b005d01 0b00b701 10000 100 10049124 2019998814 10616494 8435219
0b00c101 0b00e201 10000 100 35653 2030577511 41846 39904
0b00f301 0b002601 10000 100 963555 2029577231 1059437 817861
0b007c01 0b00a301 10000 100 3470226 2023144679 7527366 2919467
0b006001 0b00fa01 10000 100 23171 2030648969 32126 29458
0b00d301 0b000601 10000 100 20288 2030719563 27545 27036
0b00ab01 0b005b01 10000 100 1203 2030782725 10584 11039
0b00d201 0b00c901 10000 100 20712 2030767613 28046 27376
0b004e01 0b009401 10000 100 69434 2030795523 72833 68235
0b009201 0b000801 10000 100 1917 2030999124 11155 11610
0b000a01 0b009201 10000 100 47263 2031112148 52635 49653
0b00be01 0b008a01 10000 100 28872663 2000076958 31127221 24216853
0b00cf01 0b00a301 10000 100 5857735 2022169182 9098639 4921135
0b007e01 0b006b01 10000 100 4554 2031260463 13478 13835
0b00dd01 0b00cf01 10000 100 125594 2031175956 131784 115313
0b003801 0b00e801 10000 100 25733 2031278733 32551 31584
0b00fa01 0b00b201 10000 100 79748 2031268165 82363 76870
0b00b401 0b003d01 10000 100 17138 2031342181 24674 24401
0b009001 0b002601 10000 100 853157 2030435633 953201 725319
0b005001 0b002601 10000 100 3780 2031465299 12883 13177
0b00e401 0b001201 10000 100 2509098 2029027029 2513001 2113662
0b000e01 0b00f501 10000 100 28840 2031519938 35419 34185
0b001301 0b000d01 10000 100 8703246 2022919406 8709133 7306830
0b009f01 0b002601 10000 100 21759 2031703923 28818 28252
0b006601 0b009f01 10000 100 1866 2031744198 12674 11569
0b006a01 0b00e701 10000 100 43465 2031792714 49290 46461
0b009601 0b003501 10000 100 37618 2031804591 77470 41553
0b00fd01 0b003501 10000 100 11818596 2019911148 12005328 9918726
0b008601 0b003701 10000 100 2117 2031924961 11386 11808
0b003f01 0b006201 10000 100 15915 2031957766 23434 23346
0b00bc01 0b00e201 10000 100 27736 2031916980 76145 33264
0b008801 0b000501 10000 100 598510 2031565897 604948 511809
0b007701 0b003c01 10000 100 25716 2032289823 63840 31571
0b002101 0b006001 10000 100 510404 2031429238 927208 437945
0b006101 0b008301 10000 100 399315 2032045516 438965 344812
0b00c301 0b009501 10000 100 1204377 2031331268 1256248 1019773
0b002e01 0b008c01 10000 100 5793 2032596434 15406 14864
0b00cc01 0b00f601 10000 100 745707 2031869454 757727 635212
0b008a01 0b001c01 10000 100 448 2032744064 9267 10396
0b006701 0b007f01 10000 100 238521 2031947072 810307 209994
0b006701 0b007d01 10000 100 260575 2032168775 623552 228482
0b000d01 0b001d01 10000 100 54178 2032702650 103898 55454
0b005801 0b004401 10000 100 1230873 2031537585 1275952 1041968
0b00ee01 0b009801 10000 100 21901 2032892761 28916 28365
0b00a201 0b00d201 10000 100 8900 2032973139 17238 17465
0b005b01 0b000a01 10000 100 2506 2032985920 11912 12120
0b001d01 0b000101 10001 100 21609 2032995381 28681 28132
0b00db01 0b00c601 10000 100 3592014 2029388233 3638401 3021582
0b001801 0b003f01 10000 100 614408 2032000501 1148471 525142
0b005201 0b003601 10000 100 73535 2033103499 79508 71669
0b008301 0b002601 10000 100 28362 2033181213 36748 33803
0b006701 0b004501 10000 100 1072750 2031740323 1506381 909403
0b004701 0b00b901 10000 100 49924 2033191394 57045 51859
0b002a01 0b005e01 10000 100 15036 2033267169 23834 22643
0b00b201 0b00ae01 10000 100 151685 2033343080 148359 137184
0b005601 0b007501 10000 100 8753425 2015939470 17676301 7348893
0b001101 0b00f101 10000 100 2016 2033605019 12026 11728
0b008701 0b00b101 10000 100 76783 2033336892 330043 74383
0b000801 0b006501 10000 100 74201 2033602115 77077 72240
0b007601 0b00b001 10000 100 55186 2033646034 60068 56299
0b00f701 0b00cc01 10000 100 52971 2033667447 57819 54412
0b000901 0b006001 10000 100 11225177 2017137734 16667267 9421220
0b00b801 0b007f01 10000 100 3235253 2021937741 12017831 2722464
0b005701 0b007801 10000 100 47981 2033901261 92403 50228
0b000d01 0b00cb01 10000 100 1791618 2032234539 1892721 1512107
0b004001 0b005c01 10000 100 1649796 2032628501 1654535 1393196
0b003401 0b00fe01 10000 100 59886 2034253355 63992 60212
0b00a601 0b005d01 10000 100 4893988 2029230172 5089578 4113120
0b008001 0b008c01 10000 100 117425 2034209371 122091 104071
0b00bd01 0b001001 10000 100 9842607 2024356775 10017462 8262056
0b00d801 0b00ae01 10000 100 41771 2034344119 47584 45029
0b004e01 0b00fc01 10000 100 62588 2034262796 133532 62489
0b00f001 0b00eb01 10000 100 2476598 2031949358 2479888 2086395
0b00d601 0b004601 10000 100 6983 2034435559 16271 15855
0b001901 0b00e101 10000 100 3144621 2031332353 3184640 2646464
0b003601 0b007101 10000 100 4957942 2029597127 4945480 4166740
0b007d01 0b004701 10000 100 4951827 2029609659 4940996 4161618
0b006701 0b002701 10000 100 7877 2034573305 16716 16608
0b00d401 0b00fb01 10000 100 16447373 2017594535 17071764 13799501
0b00d201 0b001701 10000 100 50520 2034631663 58396 52374
0b008c01 0b000301 10000 100 2565381 2032150663 2550649 2160839
0b006f01 0b00b101 10000 100 194428 2034325093 380632 173030
0b004601 0b00b101 10000 100 8441 2034753139 24847 17098
0b00c201 0b00bd01 10000 100 1578216 2033126384 1666904 1333206
0b005c01 0b00be01 10000 100 85992 2034765243 94692 82096
0b002f01 0b001101 10000 100 6862948 2027586361 7294381 5763897
0b008201 0b005f01 10000 100 44622 2034849036 50171 47425
0b005001 0b004e01 10000 100 1561778 2033334175 1567398 1319403
0b003601 0b001501 10000 100 170183 2034752108 165234 152712
0b001e01 0b000901 10000 100 907618 2033736885 1214948 770961
0b00e301 0b007601 10000 100 4911 2034959807 13809 14120
0b000401 0b00d501 10000 100 187339 2034812896 180921 167090
0b005701 0b00dd01 10000 100 996171 2033532179 1501860 845221
0b00fb01 0b00fc01 10000 100 6959436 2028561703 6563208 5840412
0b008c01 0b004801 10000 100 227259 2034910356 218059 200562
0b009c01 0b000a01 10000 100 166674 2035163117 192522 149752
0b00ff01 0b00b801 10000 100 53019 2035486624 58063 54488
0b00c301 0b006501 10000 100 37981 2035507745 44983 41844
0b006f01 0b008001 10000 100 344780 2035156143 401949 299072
0b00f201 0b001b01 10000 100 611160 2034652700 1013704 522428
0b002601 0b000901 10000 100 1824668 2032888772 2809014 1539814
0b00f401 0b002001 10000 100 1828047 2033925566 1815015 1542671
0b006d01 0b002901 10000 100 45894 2035698169 53451 48481
0b005401 0b007201 10000 100 18227 2035821670 26665 25311
0b006601 0b002601 10000 100 4645 2035843907 18877 13908
0b003501 0b001701 10000 100 54771 2035743638 125189 55928
0b00e701 0b00ca01 10000 100 57247 2036004413 61966 58024
0b006001 0b00a701 10000 100 923589 2035149736 919384 784352
0b002001 0b00e301 10000 100 1415 2036076352 10753 11208
0b00d401 0b00df01 10000 100 2566 2036092146 7277 7768
0b002d01 0b00aa01 10000 100 8360 2036121243 16806 17033
0b001401 0b008c01 10000 100 27091 2036096888 59062 32748
0b000101 0b004b01 10000 100 29103 2036136028 37911 34434
0b00b401 0b006f01 10000 100 2040556 2033964807 2258196 1720819
0b00d701 0b000001 10000 100 76184 2036077287 169722 73904
0b00ee01 0b000001 10000 100 70615 2036189476 107575 69218
0b00f101 0b006201 10000 100 29578 2036333341 36180 34814
0b00f301 0b00bb01 10000 100 97150 2036192857 190787 91483
0b00ae01 0b00c301 10000 100 394795 2036088762 437591 341004
0b004b01 0b008c01 10000 100 855450 2035049977 1494787 727230
0b005a01 0b00be01 10000 100 49857 2036481068 101598 51805
0b00f201 0b004501 10000 100 103404 2036480006 188901 96716
0b001001 0b005801 10000 100 1335981 2035350868 1356641 1130087
0b00b501 0b00e501 10000 100 1952583 2033023811 3713898 1647061
0b005601 0b00db01 10000 100 16820430 2010449819 26296223 14112270
0b003901 0b006001 10000 100 8074 2036763773 16914 16804
0b00f801 0b002e01 10000 100 1891 2036881344 11134 11589
0b00a601 0b002201 10000 100 975241 2036002733 968828 827671
0b001b01 0b008901 10000 100 2409967 2034545764 2432811 2030517
0b003701 0b008f01 10000 100 1795971 2035132669 1867322 1515743
0b006601 0b00b101 10000 100 9746184 2026670097 10361788 8181232
0b004501 0b007e01 10000 100 29108 2037093183 35633 34438
0b005e01 0b00c101 10000 100 433175 2036860036 406323 373205
0b000c01 0b004f01 10000 100 58909 2037146503 128768 59392
0b007201 0b005001 10000 100 20992 2037248223 28118 27600
0b007f01 0b008801 10000 100 64017 2037221573 129956 63709
0b003201 0b001901 10000 100 5163403 2031961830 5462317 4339020
0b00af01 0b00dd01 10000 100 2825027 2034102784 3337902 2378540
0b005401 0b000a01 10000 100 211503 2037304751 217854 187343
0b006701 0b007501 10000 100 1140 2037541696 10718 10988
0b005f01 0b002501 10000 100 1074083 2036372876 1206692 910546
0b004601 0b00bf01 10000 100 679197 2036716235 869995 579469
0b00a701 0b00c301 10000 100 2007 2037575651 11414 11720
0b002b01 0b008b01 10000 100 25795 2037605568 32520 31634
0b00fb01 0b00fd01 10000 100 66494 2037602311 65988 61368
0b00be01 0b003701 10000 100 3089106 2034453014 3260352 2599940
0b00ca01 0b00c801 10000 100 1192017 2036665843 1098695 1005024
0b005401 0b00a401 10000 100 6710 2037762573 16720 15636
0b009701 0b002a01 10000 100 5456003 2032334808 5466478 4584351
0b003c01 0b009401 10000 100 710630 2037062303 741022 605806
0b00ea01 0b00bf01 10000 100 59072 2037783677 63571 59561
0b006b01 0b00de01 10000 100 1456080 2036466561 1411404 1230812
0b008401 0b00cf01 10000 100 108358 2037632887 253484 100872
0b007f01 0b002401 10000 100 3595892 2034227505 3670249 3024800
0b000b01 0b002701 10000 100 30881 2037963318 37395 35895
0b005c01 0b00ff01 10000 100 67739 2037987404 71142 66802
0b002c01 0b008301 10000 100 49882 2038007320 55416 51825
0b008a01 0b007f01 10000 100 29769753 2002230873 35836584 24968970
0b003e01 0b00ac01 10000 100 41064 2038033200 116109 44464
0b004e01 0b00fa01 10000 100 44728 2038102444 50287 47510
0b006e01 0b00f301 10000 100 2628434 2035465878 2725037 2213700
0b006001 0b00ab01 10000 100 6296 2038201852 15013 15305
0b003101 0b00b401 10000 100 64529 2038285892 72967 64119
0b004f01 0b001301 10000 100 748 2038500189 10581 10636
0b00fe01 0b00ae01 10000 100 25072 2038517027 32117 31056
0b00b401 0b00be01 10000 100 2601989 2035886812 2688925 2187108
0b00e901 0b00d001 10000 100 1913547 2036162078 2529773 1614335
0b002a01 0b001f01 10000 100 43179 2038832681 48978 46232
0b004101 0b009c01 10000 100 8052939 2030824329 8062250 6761586
0b00aa01 0b00c401 10000 100 31570 2038892285 39893 36484
0b001401 0b005401 10000 100 3110410 2035801961 3226593 2617790
0b00ea01 0b00cc01 10000 100 9012 2039069437 17399 17593
0b00a201 0b006e01 10000 100 50203 2039074470 55479 52120
0b000501 0b005501 10000 100 122637 2039024201 121769 112832
0b001f01 0b003801 10000 100 4343 2039197033 13309 13666
0b006e01 0b004701 10000 100 70599 2039142642 73993 69205
0b001201 0b004201 10000 100 61985 2039279678 66329 61968
0b00a401 0b001101 10000 100 4790733 2034014308 5354077 4026560
0b00f701 0b002601 10000 100 5560 2039392724 18996 14678
0b002501 0b00cd01 10000 100 5043 2039460226 18087 14264
0b009101 0b00b701 10000 100 33567 2039451137 40091 38159
0b007901 0b008501 10000 100 707290 2038724928 769008 603019
0b00e801 0b004901 10000 100 6195 2039490353 14932 15224
0b009701 0b008901 10000 100 1709 2039521603 10989 11444
0b006601 0b003501 10000 100 1101867 2038416304 1197136 933810
0b003d01 0b004701 10000 100 160346 2039475074 156186 144459
0b00ac01 0b002c01 10000 100 6760447 2032822515 6853199 5677980
0b001701 0b00ee01 10000 100 112977 2039527935 151602 104720
0b003f01 0b006601 10000 100 515759 2038435069 1272281 442421
0b008201 0b008801 10000 100 58961 2039740875 59033 55034
0b002401 0b000001 10000 100 9822 2039797727 25844 18241
0b00f001 0b00a101 10000 100 12237 2039840465 29790 20288
0b003a01 0b005201 10000 100 3030768 2036777552 3097533 2551004
0b008801 0b009101 10000 100 5441 2040077800 14258 14583
0b00e901 0b00f101 10000 100 2229146 2037182302 2984533 1878948
0b00a501 0b005f01 10000 100 42304 2040146274 49802 45494
0b005801 0b009101 10000 100 7872 2040184620 16345 16604
0b009a01 0b003a01 10000 100 7093 2040197481 20564 15981
0b001d01 0b004801 10000 100 48148 2040215621 53383 50400
0b002c01 0b000001 10000 100 1390519 2038818291 1454511 1175829
0b006701 0b006901 10000 100 78380 2040244445 78522 71337
0b00e201 0b00f701 10000 100 58304 2040355721 67535 58908
0b007601 0b00ea01 10000 100 62293 2040376058 66613 62253
0b002101 0b003c01 10000 100 5723035 2034701035 5766554 4808229
0b002901 0b00a101 10000 100 6114680 2034188821 6302392 5136560
0b009701 0b00e401 10000 100 159669 2040336583 155588 143879
0b008501 0b00bb01 10000 100 9752877 2030596199 9940395 8186816
0b008e01 0b006201 10000 100 72745 2040484049 75995 70999
0b001701 0b005301 10000 100 8129864 2032454065 8211822 6826083
0b00f501 0b00a301 10000 100 108529 2040110857 604402 101008
0b00c701 0b00f401 10000 100 38386 2040707520 44470 42206
0b00f201 0b006301 10000 100 202757 2040491872 301999 180000
0b000a01 0b006601 10000 100 5847112 2034085141 6722581 4912252
0b004901 0b002001 10000 100 122967 2040794210 122228 113096
0b001901 0b00b701 10000 100 40215 2040883947 46133 43746
0b00a801 0b007a01 10000 100 3567 2040954823 12617 13007
0b00aa01 0b00f901 10000 100 57559 2040957971 118028 58274
0b00b501 0b003001 10000 100 1837069 2039158046 1941087 1550234
0b003a01 0b009701 10000 100 3941 2041098306 13600 13306
0b00b101 0b00ff01 10000 100 94635 2041075994 101423 89356
0b001101 0b00f201 10000 100 7776 2041168535 16727 16528
0b00dc01 0b002101 10000 100 141256 2041013099 212443 128457
0b00bb01 0b00e801 10000 100 9576 2041226768 18023 18044
0b00a701 0b005001 10000 100 3853 2041243779 15589 13236
0b008401 0b00c001 10000 100 9193240 2032073476 9286255 7717641
0b003401 0b002201 10000 100 104811 2041303266 208056 97880
0b00ec01 0b005201 10000 100 60678 2041540973 64891 60884
0b003701 0b00a401 10000 100 19250 2041744972 26641 26168
0b004f01 0b002301 10000 100 7407 2041815947 15973 16232
0b001501 0b006d01 10000 100 22262 2041831846 29499 28692
0b00c901 0b006901 10000 100 184050 2041706562 177839 164344
0b003901 0b00b501 10000 100 606452 2040895844 1112627 518470
0b009601 0b004101 10000 100 13295 2042000992 21109 21173
0b00b501 0b00fc01 10000 100 1078112 2040849539 1186680 913923
0b009201 0b00e501 10000 100 521265 2041286674 765642 447056
0b005b01 0b00d001 10000 100 39009 2042012762 45006 42743
0b00df01 0b007901 10000 100 181707 2042030031 175865 162354
0b00c401 0b00a301 10000 100 7766280 2033919667 8308353 6521276
0b00bf01 0b001c01 10002 100 80285 2042194612 82853 77338
0b002a01 0b003701 10000 100 5362 2042351318 14334 14520
0b00f801 0b008101 10000 100 464044 2041955381 498864 399091
0b00c401 0b00b001 10001 100 31239 2042544975 37737 36220
0b001701 0b00af01 10000 100 39116 2042513479 80495 42828
0b008101 0b00ac01 10000 100 470 2042593806 9290 10414
0b007601 0b00dd01 10000 100 102231 2042556349 103019 95740
0b00df01 0b00f701 10000 100 59092 2042599780 67598 59577
0b003e01 0b00ed01 10000 100 6752 2042692837 15564 15670
0b003901 0b009501 10000 100 34565 2042702042 82492 38996
0b001801 0b003a01 10000 100 25737112 2015525602 27352668 21588028
0b00e101 0b00e601 10000 100 35996 2042855637 38985 35779
0b003901 0b001e01 10000 100 22159 2042915450 57508 28610
0b00f101 0b00d701 10000 100 649563 2041719120 1275731 554610
0b002601 0b005201 10000 100 1263811 2041928626 1231344 1069586
0b006101 0b006b01 10000 100 613353 2042648892 567802 519860
0b00aa01 0b001b01 10000 100 2066908 2040642987 2578480 1742899
0b005d01 0b006501 10000 100 2189018 2040888231 2373854 1845310
0b006a01 0b00aa01 10000 100 9653 2043390744 25272 18106
0b00a401 0b004e01 10000 100 4916 2043514012 14051 14124
0b00f201 0b00d701 10000 100 8320201 2033984746 9599733 6985687
0b009401 0b00c701 10000 100 330066 2043273054 377440 286763
0b00a501 0b000e01 10000 100 186875 2043581338 180477 166680
0b007a01 0b000a01 10000 100 89138 2043324083 440760 84766
0b003601 0b000301 10000 100 172475 2043681005 167421 154623
0b002301 0b004801 10000 100 42107 2043806800 47862 45336
0b003f01 0b00ff01 10000 100 701330 2042808133 1168636 598020
0b007401 0b001e01 10000 100 3615 2043986138 15145 13045
0b001501 0b004401 10000 100 524959 2043523711 490895 450127
0b005301 0b005601 10000 100 1797729 2042502441 1654469 1512826
0b00c501 0b009501 10000 100 31506 2044121451 66961 36433
0b00b001 0b001a01 10000 100 9461 2044192985 18805 17952
0b006901 0b004101 10000 100 7412 2044232694 16078 16236
0b000501 0b00f701 10000 100 34840 2044275848 42369 39216
0b008f01 0b008001 10000 100 1957352 2042638279 1834532 1646668
0b00aa01 0b000f01 10000 100 1557384 2042364202 2183665 1315734
0b007101 0b008d01 10000 100 3638640 2040943053 3645324 3060649
0b00f101 0b000a01 10000 100 4928992 2038937384 5678113 4142467
0b00e501 0b006601 10000 100 55545 2044551468 68590 56586
0b000c01 0b008f01 10000 100 2184619 2042422467 2341941 1841599
0b00b401 0b001b01 10000 100 9938 2044772916 18234 18334
0b003801 0b000501 10000 100 41885 2044745724 47692 45120
0b00ef01 0b00bc01 10000 100 27874063 2014896599 29967726 23379650
0b00d601 0b007601 10000 100 913258 2044005110 914086 775704
0b00bb01 0b004801 10000 100 1806 2044935834 13531 11521
0b005e01 0b004a01 10000 100 3536 2045049528 12781 12982
0b00a201 0b006c01 10000 100 3650 2045152708 13865 13073
0b008e01 0b002c01 10000 100 778521 2044455334 785441 662730
0b001401 0b005501 10000 100 4454 2045279846 15629 13755
0b002901 0b009201 10000 100 3942101 2040499281 4856704 3315092
0b007001 0b009d01 10000 100 12170 2045370693 20838 20235
0b00bb01 0b002001 10000 100 2236286 2043108442 2288721 1884929
0b004401 0b004d01 10000 100 16999 2045388527 21450 19852
0b001e01 0b005601 10000 100 21613 2045406362 31052 28135
0b00d801 0b009101 10000 100 31435 2045472412 39750 36376
0b00bc01 0b007f01 10000 100 6308940 2028952431 16624941 5299417
0b00e101 0b009701 10000 100 19029 2045587668 27445 25991
0b00be01 0b00dd01 10000 100 1604 2045723230 10905 11360
0b005b01 0b001801 10000 100 58002 2045515505 313279 58667
0b005501 0b009c01 10000 100 882982 2044999640 890295 750292
0b00b101 0b001301 10000 100 7678543 2030273021 15648755 6447708
0b006001 0b002401 10000 100 1277745 2044696298 1246831 1081271
0b004701 0b00a401 10000 100 9898 2045960583 18273 18302
0b000501 0b005901 10000 100 3070 2046014125 12219 12609
0b00ab01 0b00f401 10000 100 7642 2046012956 17211 16420
0b004601 0b001301 10000 100 9291621 2029431919 16635289 7800109
0b00f301 0b001e01 10000 100 8184721 2037748187 8331926 6872080
0b005201 0b008901 10000 100 35508 2046057176 41767 39788
0b004401 0b00c601 10000 100 61705 2046179568 69162 61744
0b009f01 0b00e701 10000 100 2994 2046240641 15236 12510
0b007d01 0b00ca01 10000 100 127986 2046144368 188637 117304
0b007701 0b001901 10000 100 35794 2046308638 42139 40017
0b006501 0b009501 10000 100 12321008 2033794728 12640804 10339971
0b00d801 0b006101 10000 100 514738 2045888172 555534 441566
0b008901 0b00eb01 10000 100 7813 2046448470 16495 16557
0b006c01 0b001801 10000 100 1546021 2044882015 1713814 1306221
0b00fb01 0b007d01 10000 100 4156 2046629917 13159 13516
0b00b701 0b008b01 10000 100 74336 2046486432 216345 72348
0b00a301 0b00aa01 10000 100 8811067 2038112357 8597227 7392834
0b001e01 0b004d01 10000 100 1108797 2045606097 1172084 939623
0b00db01 0b008801 10000 100 1209502 2045610621 1187962 1024065
0b00af01 0b008d01 10000 100 96076 2046755542 100232 90585
0b002901 0b00e701 10000 100 2722080 2043281091 3647446 2292227
0b004b01 0b00af01 10000 100 28386491 2016719371 30225224 23809253
0b007a01 0b008d01 10000 100 23563 2046990533 30472 29772
0b00ba01 0b004f01 10000 100 10131 2047035569 23782 18527
0b003101 0b006901 10000 100 23589 2047036261 32113 29792
0b003201 0b00c201 10000 100 23510 2047050662 30463 29729
0b008101 0b00d401 10000 100 2866887 2044163573 2918319 2413602
0b003401 0b005001 10000 100 8701315 2038300309 8836289 7305208
0b007e01 0b000901 10000 100 602794 2046545645 626592 515390
0b00c301 0b00a801 10000 100 2811121 2044298924 2882251 2366877
0b006a01 0b001a01 10000 100 23305 2047237045 31627 29565
0b008201 0b00a201 10000 100 1299366 2045036232 2282712 1099412
0b00b201 0b009a01 10000 100 74598 2047424796 77705 72558
0b007001 0b00c801 10000 100 107965 2047481868 108384 100519
0b00c601 0b004301 10000 100 1665852 2044896517 2705520 1406656
0b004601 0b00d901 10000 100 299509 2047349200 373247 261127
0b005301 0b008e01 10000 100 22801 2047693321 29781 29124
0b003301 0b002401 10000 100 54009 2047751300 58964 55319
0b00a601 0b001301 10000 100 51545 2047804998 56574 53232
0b005901 0b001101 10000 100 288622 2047549442 312702 251995
0b00e601 0b000301 10000 100 25952 2047859138 54062 31760
0b00ed01 0b00cf01 10000 100 122519 2047799307 123407 112738
0b005f01 0b009801 10000 100 8224734 2037967053 9992945 6905627
0b00aa01 0b00bb01 10000 100 3659953 2044099055 3983670 3078506
0b00cb01 0b004101 10000 100 2836 2048131858 14067 12384
0b001b01 0b009301 10000 100 142874 2048042896 151954 129790
0b00d801 0b00ed01 10000 100 1191488 2046973166 1237140 1008963
0b00a101 0b001f01 10000 100 62604 2048122580 107097 62502
0b00a101 0b004a01 10000 100 196094 2048392294 189201 174440
0b00e001 0b00f801 10000 100 28553 2048597143 35294 33956
0b009501 0b00f001 10000 100 44582 2048742648 50182 47393
0b00c001 0b005801 10000 100 670732 2048157631 701065 572352
0b005601 0b00ee01 10000 100 971537 2047914056 968093 824554
0b006901 0b009501 10000 100 42145 2048862143 82598 45367
0b002501 0b002001 10000 100 17270 2048957349 35060 20107
0b002701 0b008b01 10000 100 827414 2046532634 2509821 703726
0b003b01 0b000101 10000 100 1518497 2047549059 1536441 1283127
0b006c01 0b00ce01 10000 100 2432996 2046738260 2461561 2049824
0b009701 0b004801 10000 100 106013 2049128420 106517 98919
0b00ad01 0b003601 10000 100 31015 2049208736 39375 36040
0b001801 0b00b201 10000 100 31605 2049239924 63968 36512
0b003f01 0b004301 10000 100 8895941 2037983899 11367281 7468359
0b00f001 0b009401 10000 100 61703 2049063267 340138 61743
0b004501 0b000601 10000 100 64997 2049378624 68722 64493
0b003901 0b00d801 10000 100 8098462 2040511024 8976265 6799771
0b00fe01 0b004c01 10000 100 897825 2048614510 907503 762743
0b002801 0b00ba01 10000 100 27142 2049551849 35687 32788
0b00c601 0b00e301 10000 100 939499 2048686593 939417 797695
0b002201 0b000001 10000 100 17669 2049607765 25084 24826
0b00e601 0b003701 10000 100 3996815 2045811873 4064188 3360936
0b007f01 0b00c201 10000 100 918 2049885291 10188 10772
0b003901 0b00fa01 10000 100 27488 2049918459 35770 33065
0b007401 0b00fb01 10000 100 2661820 2047329256 2663410 2241676
0b00f501 0b009201 10000 100 2703246 2047254044 2778014 2276430
0b008a01 0b00e301 10000 100 4066 2050025682 13105 13444
0b001801 0b004401 10000 100 4695269 2045239684 4803927 3946541
0b001a01 0b008b01 10000 100 5524622 2043743059 6391041 4641857
0b00df01 0b00ff01 10000 100 32914 2050166627 39396 37598
0b003401 0b001e01 10000 100 52823 2050198908 100642 54293
0b00ba01 0b004101 10000 100 3510706 2046750086 3589049 2953387
0b00d301 0b009001 10000 100 50244 2050388309 55571 52153
0b004e01 0b00f501 10000 100 7668118 2040136745 10373675 6438984
0b004d01 0b00ee01 10000 100 1418818 2049140404 1379167 1199544
0b00f501 0b00f301 10000 100 41605 2050499011 43245 40496
0b00d001 0b008901 10000 100 45887 2050547615 51497 48476
0b008e01 0b001701 10000 100 15722 2050567887 36328 23192
0b008601 0b00ad01 10000 100 7430 2050772219 16175 16251
0b00ea01 0b00db01 10000 100 36848 2050738734 73041 40899
0b00a701 0b005701 10000 100 563 2050817577 9478 10488
0b003401 0b006f01 10000 100 990559 2049812862 1066370 840501
0b006801 0b00b601 10000 100 6078 2050903717 15202 15131
0b003501 0b007101 10000 100 6851 2050912122 16529 15749
0b00eb01 0b009b01 10000 100 2501 2051051036 11693 12116
0b001201 0b009201 10000 100 759 2051063576 9870 10645
0b00c301 0b002c01 10000 100 52796 2051112804 57734 54272
0b00e001 0b003801 10000 100 1551875 2049750294 1571180 1311096
0b00d101 0b008f01 10000 100 12687 2051491920 20759 20648
0b002001 0b002501 10000 100 435524 2051159157 439452 370761
0b00db01 0b000401 10000 100 12898 2051652697 21572 20817
0b008c01 0b005801 10000 100 23594 2051685661 31970 29796
0b009901 0b004101 10000 100 9146 2051781803 17773 17700
0b009a01 0b001701 10000 100 1322227 2050508364 1311706 1118584
0b009b01 0b002601 10000 100 888 2051853629 10488 10748
0b00a701 0b005701 10001 100 25493 2052041800 32324 31392
0b005401 0b00b101 10000 100 52541 2052027929 109181 54068
0b00ae01 0b00a501 10000 100 2813 2052156030 7475 7965
0b00f401 0b006901 10000 100 4628 2052191058 16962 13894
0b00c501 0b005b01 10000 100 4515 2052200250 13446 13804
0b001801 0b006b01 10000 100 209426 2052034439 272030 185604
0b005901 0b003801 10000 100 43756 2052436512 49394 46694
0b001601 0b00c401 10000 100 30856 2052522805 65519 35875
0b00a401 0b009a01 10000 100 3504 2052597142 12757 12956
0b005801 0b006101 10000 100 2516419 2050032439 2589098 2119788
0b000801 0b009401 10000 100 4779174 2047745119 4963722 4016891
0b000201 0b00c001 10000 100 7120529 2045478489 7246115 5979869
0b008801 0b006701 10000 100 795098 2051542572 1219213 676644
0b00ac01 0b000601 10000 100 1277 2052837460 10643 11098
0b008f01 0b007a01 10000 100 1101393 2051753814 1198943 933431
0b004b01 0b002101 10000 100 42249 2052906300 48293 45450
0b004801 0b000d01 10000 100 447998 2052612891 484777 385601
0b006201 0b00f701 10000 100 1380170 2051680456 1502140 1167166
0b005401 0b00c601 10000 100 5796 2053238766 14917 14867
0b00e701 0b00dd01 10000 100 5642873 2047759758 5677161 4740989
0b00a601 0b00e201 10000 100 6705 2053475408 15690 15632
0b003701 0b00cf01 10000 100 20441 2053494869 27630 27159
0b002501 0b001401 10000 100 22421579 2030625947 22911861 18808268
0b00f401 0b006501 10000 100 9437616 2043864864 9720503 7922512
0b00ba01 0b00d201 10000 100 1634 2053581180 11501 11384
0b00e101 0b001601 10000 100 37609 2053549124 56512 41546
0b00a901 0b00e001 10000 100 16556 2053585889 24140 23897
0b005b01 0b001601 10000 100 20317 2053571489 40105 27060
0b003301 0b001801 10000 100 2682227 2050941640 2682158 2258808
0b003a01 0b007001 10000 100 1875961 2052022538 1867741 1582807
0b009901 0b003e01 10000 100 37654 2053921664 43795 41582
0b001501 0b00f801 10000 100 3451059 2050518348 3517536 2903404
0b002801 0b005901 10000 100 3802 2054125986 13783 13195
0b00b301 0b00a901 10000 100 22462 2054125346 29690 28852
0b00b001 0b00b101 10000 100 7257392 2047441006 6721470 6090220
0b00d901 0b009f01 10000 100 8674969 2045448217 8809433 7283095
0b00bb01 0b00c101 10000 100 54737 2054120213 152044 55901
0b00fc01 0b00dd01 10000 100 9241 2054412171 24621 17776
0b00d801 0b00fa01 10000 100 637602 2053770565 672917 544580
0b009501 0b001d01 10000 100 29530 2054512819 36258 34776
0b00cd01 0b005201 10000 100 1896 2054546123 11230 11593
0b002f01 0b003501 10000 100 3249 2054546289 14546 12752
0b000401 0b00c401 10000 100 6430229 2048233896 6474275 5401133
0b00d501 0b002d01 10000 100 9053879 2045577552 9215404 7600776
0b00a101 0b006201 10000 100 42863 2054768982 48562 45941
0b00ef01 0b006801 10000 100 17685 2054797347 25266 24839
0b003b01 0b002501 10000 100 1959548 2052825884 2007569 1652902
0b00ab01 0b002801 10000 100 1175113 2053573603 1274253 995248
0b001401 0b000201 10000 100 4224 2055015045 14051 13571
0b007601 0b000701 10000 100 796195 2054233726 807182 677560
0b002b01 0b005001 10000 100 2332 2055050851 11558 11980
0b005001 0b005601 10000 100 25557 2055070161 28470 27044
0b00cf01 0b004701 10000 100 21166 2055176238 28381 27777
0b00e001 0b00a801 10000 100 31007 2055195662 37608 36034
0b005e01 0b00ea01 10000 100 1687668 2053426930 1813231 1424953
0b008601 0b001901 10000 100 3374 2055228136 12603 12852
0b005401 0b003f01 10000 100 5271 2055331325 14122 14447
0b002301 0b00e301 10000 100 69752 2055275122 75391 68489
0b00ca01 0b009a01 10000 100 50428 2055315601 55479 52300
0b006501 0b00ac01 10000 100 5221 2055361894 14082 14407
0b001901 0b000b01 10000 100 2822009 2052172558 3283228 2376010
0b000401 0b00d101 10000 100 37189 2055440191 43355 41210
0b007a01 0b002c01 10000 100 5426 2055514196 17934 14571
0b006001 0b003401 10000 100 874155 2054638779 930578 742924
0b005b01 0b009401 10000 100 60874 2055525928 65132 61041
0b00bb01 0b00bd01 10000 100 1258798 2053526820 2080559 1060984
0b004501 0b00f801 10000 100 8184 2055640062 16666 16892
0b007d01 0b007101 10000 100 33926 2055608140 69626 34046
0b008301 0b005d01 10000 100 22382 2055659200 29425 28788
0b008d01 0b00e201 10000 100 177850 2055524777 172150 159115
0b009e01 0b008a01 10000 100 18827 2055768168 41804 25791
0b00c501 0b002701 10000 100 8855 2055851822 24327 17429
0b003001 0b00b301 10000 100 58929 2055883321 67541 59408
0b003401 0b002601 10000 100 3854386 2051762801 4247648 3241540
0b00b001 0b00c601 10000 100 79942 2055964705 82377 77025
0b00ec01 0b009701 10000 100 3484702 2052466990 3593262 2931585
0b005b01 0b00d101 10000 100 8299 2056194887 16857 16984
0b008701 0b00d201 10000 100 22883 2056244028 49094 29189
0b006601 0b002601 10001 100 681201 2055215900 1148600 581149
0b005f01 0b002901 10000 100 1517875 2054849032 1549433 1282591
0b002301 0b00eb01 10000 100 78841 2056316117 83443 76106
0b00bb01 0b004201 10000 100 5726691 2049660975 6761658 4811269
0b009301 0b00f901 10000 100 75452 2056331418 200574 73280
0b00aa01 0b00d501 10000 100 226637 2056294761 287862 200026
0b008601 0b006801 10000 100 29205 2056659955 35820 34516
0b004701 0b00fc01 10000 100 104774 2056605760 112708 97851
0b002e01 0b000c01 10000 100 10271 2056708259 18477 18639
0b002b01 0b006301 10000 100 56657 2056691561 61430 57514
0b004e01 0b000b01 10000 100 3618137 2045739481 11030766 3043479
0b00fc01 0b00ac01 10000 100 46949 2056697465 92474 49364
0b003201 0b00f201 10000 100 24906 2056800575 31590 30884
0b009601 0b00e701 10000 100 52762 2056777176 101325 54244
0b00a101 0b005201 10000 100 32958 2056853912 39327 37633
0b008001 0b00f101 10000 100 5736 2056895222 17128 14819
0b00ea01 0b00de01 10000 100 9876377 2046283493 10703640 8290378
0b00f101 0b002d01 10000 100 36613 2057006289 52217 40711
0b001101 0b002c01 10000 100 25861 2057039979 64100 31687
0b00b301 0b004c01 10000 100 2215193 2054946938 2240936 1867248
0b003801 0b009101 10000 100 10390 2057198177 19487 18734
0b005f01 0b009701 10000 100 36890 2057259559 43177 40932
0b00e701 0b004d01 10000 100 32290 2057297778 38588 37099
0b003701 0b002d01 10000 100 59879 2057382388 64175 60207
0b004801 0b006701 10000 100 6534 2057524148 17671 15496
0b009301 0b004b01 10000 100 5444144 2048398629 9178514 4574403
0b00d701 0b00af01 10000 100 60431 2057546068 65178 60687
0b00fc01 0b002301 10000 100 4280198 2053296811 4369772 3598548
0b003501 0b004101 10000 100 23083 2057920484 54855 29388
0b003301 0b001701 10000 100 238349 2057623980 401916 209856
0b00f701 0b00dc01 10000 100 21967522 2034333592 23758680 18427588
0b00b401 0b00a601 10000 100 1545131 2056554012 1567906 1305471
0b004b01 0b006501 10000 100 10795 2058153046 18896 19058
0b000c01 0b004001 10000 100 990905 2057246666 1050839 840778
0b008c01 0b004c01 10000 100 21663 2058373984 28774 28175
0b00be01 0b006201 10000 100 39128 2058296599 107385 42838
0b001001 0b00ed01 10000 100 5360582 2052949148 5479820 4504328
0b003a01 0b00e401 10000 100 72411 2058432441 75383 70732
0b000e01 0b000801 10000 100 70437 2058531705 69713 64676
0b00fc01 0b002101 10000 100 2671 2058637534 11908 12252
0b009f01 0b00a001 10000 100 69070 2058586582 72527 67944
0b002601 0b00ee01 10000 100 11064 2058722461 19393 19312
0b00a401 0b009c01 10000 100 29854 2058716022 36404 35035
0b005401 0b009101 10000 100 2533813 2056206072 2592811 2134356
0b00ad01 0b005901 10000 100 279129 2057256396 1543945 244055
0b002801 0b00e801 10000 100 35333 2058917278 73327 39648
0b004601 0b002701 10000 100 4165551 2054822848 4184243 3502415
0b008401 0b006401 10000 100 9422527 2049522006 9485477 7909864
0b009901 0b004c01 10000 100 15915 2058993236 23443 23346
0b008001 0b000801 10000 100 6406 2059011829 16912 15393
0b006401 0b002601 10000 100 135 2059024046 8659 10146
0b003901 0b00ce01 10000 100 9729909 2049154721 10053736 8167559
0b000d01 0b00f701 10000 100 135718 2059098439 243217 123796
0b009101 0b000801 10000 100 22310 2059317130 29369 28731
0b008d01 0b000c01 10000 100 15016 2059354857 22715 22627
0b00b401 0b00da01 10000 100 26689 2059359165 34264 32388
0b00eb01 0b007401 10000 100 51044 2059285458 155144 52832
0b00dd01 0b004d01 10000 100 474595 2059013746 478959 407916
0b00be01 0b004e01 10000 100 3382564 2055848405 3742297 2845958
0b003301 0b007601 10000 100 2407990 2057211608 2558003 2028859
0b003401 0b008c01 10000 100 7327 2059831495 15909 16168
0b009401 0b008001 10000 100 9345 2059835290 25322 17860
0b005701 0b002601 10000 100 67002 2059915670 70705 66212
0b002601 0b009801 10000 100 3842 2060029747 15263 13227
0b006901 0b00d201 10000 100 13220956 2046675573 13473736 11094451
0b003f01 0b002001 10000 100 1858873 2056902937 3312428 1568484
0b004e01 0b00b401 10000 100 4997083 2049534119 10921394 4199589
0b00cd01 0b00d301 10000 100 1395 2060488510 10959 11192
0b008e01 0b009a01 10000 100 11169 2060484157 28573 19396
0b004c01 0b00a101 10000 100 1013568 2059595542 1004433 859792
0b009d01 0b00e001 10000 100 40037 2060678137 114801 43604
0b003701 0b00a301 10000 100 1162117 2059597949 1282632 984352
0b00b601 0b008001 10000 100 9093229 2050207884 10759518 7633792
0b00a201 0b008301 10000 100 43730 2060966513 51448 46673
0b00e101 0b001401 10000 100 25496 2060988397 34179 31395
0b000e01 0b00b101 10000 100 58684 2060988934 109010 59212
0b003901 0b00a901 10000 100 653968 2060516424 676557 558288
0b008401 0b00be01 10000 100 43718 2061085308 139315 46664
0b003b01 0b001e01 10000 100 54408 2061126565 103504 55638
0b000901 0b003701 10000 100 15824 2061271585 23362 23273
0b007a01 0b003501 10000 100 11372521 2049975024 11460145 9544740
0b005f01 0b009f01 10000 100 76527 2061404200 82009 74178
0b002201 0b003101 10000 100 58853 2061423243 63671 59348
0b00a001 0b00bb01 10000 100 22667 2061594771 29646 29016
0b00f701 0b002201 10000 100 53685 2061468548 167321 55021
0b007d01 0b00c601 10000 100 3893 2061635056 12878 13268
0b006e01 0b001a01 10000 100 35631 2061711856 41745 39887
0b00f701 0b008e01 10000 100 1007438 2060648420 1109995 854657
0b003f01 0b007101 10000 100 4699363 2055600339 6164076 3949970
0b00f601 0b001301 10000 100 4048449 2057722361 4063151 3404240
0b008401 0b00e201 10000 100 1546465 2060206024 1600640 1306576
0b00ea01 0b007801 10000 100 1692825 2058626641 3199873 1429271
0b00f101 0b00ee01 10000 100 64872 2061724635 141245 64393
0b00b401 0b00e801 10000 100 22079 2061908397 52522 28546
0b00d901 0b00e601 10000 100 251 2061996151 8854 10239
0b002501 0b00fa01 10000 100 4345874 2057596948 4454645 3653585
0b009801 0b00b901 10000 100 289168 2061789280 278326 252470
0b005001 0b006901 10000 100 15586 2062054958 23270 23083
0b000b01 0b000801 10000 100 2993 2062232966 7619 8109
0b008a01 0b009001 10000 100 92180 2062163933 93715 87315
0b009901 0b008701 10000 100 2132 2062272994 11509 11820
0b009e01 0b00b201 10000 100 9062477 2053102373 9207815 7608000
0b005b01 0b00ea01 10000 100 50183 2062284730 58648 52104
0b00e801 0b005a01 10000 100 9107473 2052407312 9973482 7645725
0b004201 0b00c501 10000 100 4760 2062464306 14577 14000
0b00b101 0b002f01 10000 100 1170 2062485031 11291 11012
0b00e501 0b009801 10000 100 16198022 2040606073 21929101 13590459
0b003b01 0b00f501 10000 100 4892657 2057588634 5080763 4112016
0b006a01 0b003401 10000 100 5579 2062723940 14532 14693
0b00f501 0b003d01 10000 100 29950 2062712879 36467 35112
0b00aa01 0b005401 10000 100 3463010 2059219838 3538607 2913425
0b001b01 0b002001 10000 100 5187 2062815684 15602 14380
0b009501 0b006b01 10000 100 1006087 2061831356 1000110 853538
0b00b801 0b005a01 10000 100 1235952 2060476980 2366355 1046224
0b003401 0b008d01 10000 100 23479 2063078383 30546 29704
0b00ca01 0b000001 10000 100 5639 2063186605 14595 14741
0b003f01 0b009a01 10000 100 49478 2063194843 54670 51502
0b00c601 0b00f901 10000 100 38047 2063357975 44465 41935
0b00fd01 0b009901 10001 100 61530 2063362448 101346 61604
0b009801 0b005601 10000 100 298210 2063274982 282908 260049
0b004801 0b004d01 10000 100 57550 2063643614 62419 53867
0b00d101 0b007701 10000 100 5159 2063816828 14033 14357
0b002b01 0b009301 10000 100 12622 2063825656 21409 20596
0b006401 0b008601 10000 100 1517023 2062384428 1548990 1281909
0b008601 0b00d501 10000 100 20630 2063917888 28784 27310
0b00df01 0b009e01 10000 100 2334906 2061464840 2482215 1967588
0b00e701 0b00d601 10000 100 7588 2063962765 16295 16377
0b00cf01 0b009901 10000 100 79456 2063831932 147720 76636
0b002501 0b00b901 10000 100 52114 2063911871 98120 53726
0b004d01 0b008901 10000 100 3833452 2058431273 5681742 3223987
0b004101 0b00f101 10000 100 1180480 2062524445 1638149 999734
0b003a01 0b00b201 10000 100 655304 2063493804 681066 559433
0b003d01 0b00cb01 10000 100 15497 2064146522 38872 23012
0b007201 0b005201 10000 100 31192 2064185052 39129 36182
0b00f201 0b009401 10000 100 77443 2064109729 114707 74949
0b00b001 0b00ee01 10000 100 71240 2064134751 149661 69756
0b008301 0b000b01 10000 100 1834449 2062463882 1834530 1548023
0b009b01 0b00f201 10000 100 2088 2064329074 11363 11785
0b007001 0b003001 10000 100 58128 2064372366 62783 58768
0b009f01 0b004901 10000 100 4491569 2059874390 4579455 3775748
0b007801 0b00e001 10000 100 21065 2064501350 28593 27696
0b00b501 0b009201 10000 100 30811 2064546952 37281 35839
0b00c301 0b000201 10000 100 1286780 2062146188 2457565 1088844
0b00aa01 0b003201 10000 100 926792 2063763745 927583 787030
0b002001 0b001701 10000 100 7838788 2056726691 8078945 6582048
0b005f01 0b007201 10000 100 1288736 2063553634 1264328 1090486
0b00d401 0b008c01 10000 100 172130 2064588027 369543 154347
0b002f01 0b00fa01 10000 100 41204 2064984031 47295 44576
0b00a301 0b002d01 10000 100 5144282 2059857937 5214232 4322993
0b00e601 0b00d401 10000 100 1313 2065149442 10672 11127
0b00cf01 0b004701 10001 100 4440305 2060653874 4508976 3732778
0b008201 0b002701 10000 100 558265 2063297406 1889954 478077
0b001601 0b000801 10000 100 82005 2065092781 223810 78791
0b00c401 0b006801 10000 100 6809898 2057589797 7769515 5719422
0b001b01 0b00e101 10001 100 21049 2065339312 46948 27684
0b00a801 0b00cd01 10000 100 26601 2065351294 49226 32317
0b000b01 0b004e01 10000 100 2803 2065462473 12025 12357
0b002801 0b00a801 10000 100 32094 2065441341 38580 36942
0b004d01 0b002f01 10000 100 6126 2065475413 25729 15169
0b00eb01 0b002f01 10000 100 1470628 2061790108 3851229 1242988
0b002101 0b008c01 10000 100 1524019 2063056759 2653570 1287775
0b00eb01 0b008801 10000 100 2052701 2060973489 4879401 1730996
0b00f201 0b006d01 10000 100 74811 2065779490 77676 72728
0b002f01 0b00a601 10000 100 76396 2065838035 79407 74073
0b009601 0b005f01 10000 100 9293 2065891997 25475 17818
0b00b901 0b001a01 10000 100 1962729 2063946000 2013465 1655562
0b00be01 0b000d01 10000 100 724623 2065243778 762647 617538
0b007f01 0b00f701 10000 100 7383222 2058167011 7871177 6200123
0b00dd01 0b007d01 10000 100 582 2066122549 9516 10504
0b00ef01 0b00e301 10000 100 6408 2066186484 11080 10995
0b009501 0b00cd01 10000 100 61951 2066135088 114787 61941
0b00d701 0b00ab01 10000 100 25353 2066259252 32049 31280
0b004101 0b004801 10000 100 1556925 2064861000 1433413 1310928
0b009301 0b006701 10000 100 21970273 2039832601 26555230 18429904
0b009601 0b009901 10000 100 4976 2066467986 13133 9772
0b00cc01 0b00dd01 10000 100 156321 2066378433 152562 141085
0b00a601 0b004301 10000 100 42771 2066564556 48438 45868
0b005101 0b003b01 10000 100 2179189 2064423913 2212425 1837063
0b008201 0b00e101 10000 100 24901333 2040250538 26505176 20887303
0b004e01 0b000201 10000 100 10844272 2047407978 19467316 9101865
0b00bc01 0b00e501 10000 100 26669770 2033202655 33674403 22369944
0b003501 0b004701 10000 100 23422 2067078226 32203 29659
0b00b601 0b00ad01 10000 100 17820 2067096090 26346 24947
0b004701 0b009901 10000 100 14309 2067158320 22226 22023
0b00cd01 0b00e001 10000 100 33850 2067123395 66853 38385
0b002c01 0b003201 10000 100 28930 2067221790 35566 34257
0b00a101 0b00b401 10000 100 4787082 2062395017 4867770 4023524
0b00b101 0b000101 10000 100 47783 2067307951 53494 50069
0b009601 0b00e201 10000 100 15025 2067386528 35433 22634
0b005b01 0b004601 10000 100 9553 2067415024 18392 18026
0b008401 0b007301 10000 100 6822 2067462861 15603 15726
0b00cf01 0b008201 10000 100 247500 2067313110 236762 217523
0b004901 0b004301 10000 100 47087 2067534752 49408 45112
0b004601 0b001301 10001 100 435758 2067164850 478643 375348
0b001601 0b00ee01 10000 100 1964557 2064141444 3530485 1657101
0b004601 0b003c01 10000 100 58887 2067810526 64909 59375
0b005501 0b003501 10000 100 882831 2066919405 956047 750172
0b004d01 0b006f01 10000 100 28801 2067833103 96687 34154
0b00de01 0b00e401 10000 100 246679 2067689912 254457 216828
0b00cf01 0b00ad01 10000 100 20343 2067994666 45349 27080
0b002201 0b009b01 10000 100 782065 2066979045 1147528 665719
0b00cd01 0b008c01 10000 100 1071035 2066529532 1611016 907992
0b008501 0b002701 10000 100 5359143 2062200707 5940844 4503138
0b00e401 0b005801 10000 100 29114 2068046321 126207 34443
0b007f01 0b00bf01 10000 100 1955375 2066380415 1937982 1649410
0b000701 0b009e01 10000 100 171202 2068087815 233930 153566
0b00a301 0b00d801 10000 100 351373 2067999164 331734 304615
0b00b501 0b004101 10000 100 50883 2068279092 55477 52664
0b005a01 0b00cd01 10000 100 39339 2068297205 48085 43007
0b006f01 0b009201 10000 100 14960 2068395938 22553 22544
0b00f501 0b00ad01 10000 100 728767 2067736690 821921 621007
0b00ef01 0b00d401 10000 100 7052 2068575887 15747 15948
0b002c01 0b00b501 10000 100 7181 2068701016 16135 16052
0b00bb01 0b00ca01 10000 100 3504357 2065152884 3570177 2948077
0b009301 0b003e01 10000 100 11239 2068699595 28026 19452
0b00e401 0b007f01 10000 100 1294570 2066481122 2298695 1095384
0b00c001 0b008001 10000 100 9220923 2058420404 10369778 7740824
0b006701 0b00b301 10000 100 25497 2068848545 69463 31396
0b007f01 0b001601 10000 100 62866 2068906072 70781 62712
0b00b401 0b008c01 10000 100 5737 2068966166 18673 14820
0b000d01 0b00fb01 10000 100 3251271 2065764237 3271876 2735893
0b000001 0b00d401 10000 100 141926 2068917090 139337 128993
0b001c01 0b007e01 10000 100 9771237 2059130952 9933372 8202234
0b000801 0b00c601 10000 100 9365 2069160415 17760 17876
0b002201 0b008c01 10000 100 4036890 2062646215 6780652 3394532
0b001801 0b004801 10000 100 23982 2069453618 30870 30107
0b002101 0b00b401 10000 100 35085 2069454302 70256 39450
0b000501 0b00ef01 10000 100 154882 2069448308 151267 139857
0b002701 0b00f001 10000 100 53778 2069546842 58319 55096
0b00ca01 0b00c101 10000 100 53549 2069599214 54060 50512
0b002101 0b00ed01 10000 100 1960795 2067736190 2043022 1653938
0b00f801 0b00c801 10000 100 23661 2069808549 50006 29850
0b000701 0b00d301 10000 100 3900 2069869569 12603 13273
0b004501 0b001a01 10000 100 19991 2069882706 27288 26760
0b00d101 0b007301 10000 100 155817 2069953284 151993 140644
0b00f801 0b001e01 10000 100 1313064 2068751676 1458395 1110908
0b00bf01 0b00a501 10000 100 59312 2070151742 63713 59753
0b003201 0b00f001 10000 100 10687 2070208474 19005 18972
0b001e01 0b00aa01 10000 100 1596010 2068631567 1655122 1348132
0b00af01 0b00f101 10000 100 63432 2070152806 145344 63203
0b004b01 0b009f01 10000 100 16751 2070338211 24067 24053
0b00f301 0b005001 10000 100 128041 2070242760 129848 117386
0b005101 0b00de01 10000 100 4998 2070466461 13833 14190
0b003c01 0b00d601 10000 100 2955195 2066671227 3836175 2487666
0b00f701 0b001701 10000 100 8229 2070660290 22814 16928
0b007001 0b00cd01 10000 100 9875 2070703807 22148 18284
0b004701 0b007601 10000 100 9533 2070807230 25856 18010
0b00bc01 0b006301 10000 100 136851 2070802077 134513 124741
0b007c01 0b005e01 10000 100 44460 2070998914 50020 47296
0b003c01 0b006201 10000 100 1704756 2068617977 2550327 1439276
0b00e201 0b00cb01 10000 100 29487 2071234802 37879 34741
0b009601 0b009d01 10000 100 17152597 2054181311 17155875 14386352
0b00db01 0b003001 10000 100 3045 2071335734 12510 12589
0b00a101 0b006e01 10000 100 1680315 2069683289 1688505 1418802
0b00b601 0b00c101 10000 100 30621 2071346194 37023 35687
0b00b601 0b005301 10000 100 27589 2071383580 35892 33146
0b004d01 0b00e901 10000 100 3559340 2064304039 7228866 2994176
0b004d01 0b00f601 10000 100 6079142 2060080693 11577102 5106785
0b00e101 0b006101 10000 100 58164 2071601792 62627 58796
0b00df01 0b008201 10000 100 1819 2071653913 11257 11532
0b00f801 0b00ff01 10000 100 39224 2071632714 78450 38515
0b000501 0b00a901 10000 100 32083 2071725348 40773 36933
0b00c601 0b000b01 10000 100 1273 2071787204 10640 11095
0b000001 0b003d01 10000 100 1258769 2070646232 1299831 1065360
0b00ed01 0b005d01 10000 100 16960 2071988109 24605 24220
0b00d201 0b009c01 10000 100 9695 2072016129 17945 18140
0b002601 0b002301 10000 100 64649 2072112621 64260 59815
0b00cb01 0b004301 10000 100 155341 2071953557 279181 140263
0b006901 0b007701 10000 100 1752266 2069765024 2611911 1479128
0b006f01 0b000701 10000 100 29430 2072395755 36878 34696
0b006401 0b00ee01 10000 100 399717 2072148794 375908 345133
0b008e01 0b00c901 10000 100 67750 2072422095 127280 66811
0b009d01 0b00cd01 10000 100 19692024 2043459230 29091791 16519830
0b004b01 0b002d01 10000 100 55472 2072512849 79996 56528
0b007101 0b003001 10000 100 3868836 2068720730 3904951 3253638
0b00d701 0b00d901 10000 100 36962 2072635959 38944 36590
0b004f01 0b008d01 10000 100 62017 2072621744 68014 62032
0b002e01 0b004001 10000 100 16658 2072667505 24142 23979
0b009901 0b001201 10000 100 58267 2072824431 67527 58879
0b004201 0b007001 10000 100 1114623 2071833746 1099458 944514
0b00c401 0b008301 10000 100 22839 2073003884 30475 29154
0b00b801 0b002501 10000 100 6938 2073165191 16385 15819
0b004d01 0b004901 10000 100 29122 2073160520 36089 30049
0b00b301 0b009701 10000 100 766072 2071993212 1287816 652310
0b00c901 0b00c501 10000 100 333700 2072972368 335633 285385
0b00e001 0b009f01 10000 100 2449 2073331899 12022 12074
0b006901 0b00f801 10000 100 25901 2073301444 67686 31719
0b00e501 0b004901 10000 100 6002774 2067325900 6205113 5042734
0b00c101 0b007301 10000 100 20341 2073517868 43627 27079
0b008301 0b00ff01 10000 100 28958 2073552917 65628 34280
0b000f01 0b00cf01 10000 100 70128 2073613418 73376 68828
0b006801 0b007b01 10000 100 94773 2073584976 103158 89466
0b00aa01 0b007301 10000 100 2501977 2071230719 2535534 2107658
0b00ee01 0b004101 10000 100 20518 2073803797 27688 27220
0b00d201 0b001301 10000 100 14976 2073839297 23118 22556
0b00ab01 0b003e01 10000 100 4591353 2068073140 5875290 3859415
0b006701 0b003301 10000 100 8719667 2065221757 8868710 7320581
0b004201 0b007d01 10000 100 259598 2073934921 247366 227662
0b00c401 0b006e01 10000 100 2986 2074188625 12303 12504
0b00e701 0b00b201 10000 100 2026994 2072163017 2072114 1709432
0b00f801 0b006d01 10000 100 2976932 2070493715 3798427 2505862
0b00d201 0b00f601 10000 100 423310 2073915482 397607 364929
0b008c01 0b003e01 10000 100 116347 2074056482 269390 107570
0b00f701 0b001f01 10000 100 50677 2074299836 97628 52500
0b008001 0b007701 10000 100 1618721 2072713400 1697693 1367146
0b001601 0b00ac01 10000 100 8940091 2063750649 10759850 7505407
0b00d101 0b002a01 10000 100 1054078 2073483432 1046186 893774
0b000801 0b001a01 10000 100 4590 2074772310 13506 13864
0b00fa01 0b005d01 10000 100 12842 2074787608 20964 20772
0b004d01 0b006d01 10000 100 2457801 2067840266 7022960 2070628
0b005901 0b008701 10000 100 1760033 2073082569 1792757 1485648
0b009401 0b005001 10000 100 1868363 2072844955 2034453 1576460
0b00f701 0b00e501 10000 100 6371023 2067875552 7065551 5351503
0b00aa01 0b00e301 10000 100 19954 2074919663 27595 26731
0b001c01 0b00e501 10000 100 20365 2074900648 49992 27098
0b000901 0b001001 10000 100 79728 2074855346 105497 76854
0b00bb01 0b006d01 10000 100 63147 2074904411 67225 62975
0b00c701 0b00d001 10000 100 994133 2073980210 1008033 843514
0b00bc01 0b002a01 10000 100 7207 2074982051 21094 16072
0b00a001 0b006401 10000 100 456 2075055623 9468 10403
0b00b801 0b00e501 10000 100 25882 2075037239 56856 31704
0b008701 0b00d701 10000 100 183026 2074652364 444865 163486
0b00e101 0b005c01 10000 100 21222 2075126542 28940 27822
0b00e401 0b00f301 10000 100 11507798 2062621828 12655199 9658145
0b00c501 0b001001 10000 100 18292031 2056008851 19271359 15346076
0b00cb01 0b00fc01 10000 100 8616506 2066472494 8839856 7234097
0b005701 0b009001 10000 100 1272 2075311020 11373 11094
0b00b801 0b00b501 10000 100 27654 2075322653 31777 28798
0b009e01 0b009601 10000 100 57027 2075316077 62193 53448
0b008401 0b00e501 10000 100 41733 2075352518 82068 44999
0b008e01 0b00c001 10000 100 14023985 2060477785 14958151 11767709
0b00e001 0b008301 10000 100 59070 2075471752 133896 59560
0b00e601 0b00db01 10000 100 10244 2075884897 18663 18617
0b003401 0b001601 10000 100 2533918 2073350124 2603032 2134440
0b001f01 0b00a201 10000 100 62080 2075917425 127327 62083
0b006901 0b00b801 10000 100 4781628 2070305102 5785040 4018931
0b00d501 0b00ac01 10000 100 10221 2076140062 18437 18599
0b001001 0b008601 10000 100 6193568 2068534404 7683840 5202704
0b00db01 0b003401 10000 100 33617 2076025244 195500 38199
0b008c01 0b004f01 10000 100 4121932 2071611048 4617776 3465830
0b006f01 0b005301 10000 100 146626 2076108826 154645 132945
0b009401 0b004301 10000 100 1520161 2074687968 1623987 1284535
0b00b301 0b00f801 10000 100 5009312 2070448596 5907635 4209833
0b007b01 0b00b401 10000 100 53976 2076278108 102954 55254
0b000301 0b002a01 10000 100 1877677 2074585051 1876960 1584256
0b008c01 0b00d901 10000 100 65473 2076140225 349332 64912
0b007401 0b000901 10000 100 6948293 2069495217 7069330 5835476
0b001b01 0b004d01 10000 100 25825 2076532150 33844 31658
0b005301 0b00ec01 10000 100 16728553 2059646663 16929946 14035236
0b00da01 0b00a101 10000 100 49492 2076491074 95741 51513
0b00ae01 0b004001 10000 100 12673 2076643987 30765 20637
0b00b601 0b00e501 10000 100 1805607 2074469762 2210034 1523836
0b003201 0b00b201 10000 100 9309 2076756533 18085 17831
0b000b01 0b006501 10000 100 15047 2076757704 23524 22652
0b007601 0b009101 10000 100 797733 2075555501 1334076 678829
0b00bf01 0b002301 10000 100 26465 2076898019 33372 32208
0b003101 0b00b801 10000 100 15838 2076940545 23583 23284
0b00b901 0b002701 10000 100 63203 2076977676 71305 63020
0b00b701 0b001b01 10000 100 16219786 2060628690 16434601 13608676
0b006e01 0b001601 10000 100 170581 2076908769 165739 153031
0b002501 0b00c801 10000 100 122940 2077128914 123295 113075
0b002501 0b000c01 10000 100 4895 2077238621 16357 14108
0b000601 0b00cf01 10000 100 6203 2077260354 15117 15231
0b003701 0b004c01 10000 100 564247 2076667726 662511 483093
0b009601 0b000d01 10000 100 4515250 2071307512 6038188 3795614
0b007a01 0b004b01 10000 100 2823 2077335324 13855 12373
0b00b301 0b003e01 10000 100 1073746 2076213252 1195040 910238
0b009901 0b003101 10000 100 8968 2077728958 17527 17520
0b006101 0b004801 10000 100 45633 2077756212 51319 48272
0b002c01 0b007a01 10000 100 413953 2077373929 458539 357060
0b00ad01 0b00dc01 10000 100 21499841 2046989088 30874195 18035472
0b002101 0b003c01 10001 100 74401 2077800026 80148 72400
0b001c01 0b00d901 10000 100 4264391 2073011226 4878680 3585288
0b005c01 0b004601 10000 100 65209 2077953987 68669 64701
0b008301 0b00e801 10000 100 3273847 2071441828 6614318 2754799
0b001401 0b006e01 10000 100 60626 2078172930 64733 60843
0b005d01 0b001201 10000 100 1844945 2075616274 2646397 1556804
0b007001 0b006801 10000 100 25885 2078227468 48698 31706
0b00bf01 0b006d01 10000 100 24840 2078332103 31611 30832
0b00ea01 0b00e801 10000 100 16133752 2055734930 22737859 13532147
0b00fe01 0b002101 10000 100 4260959 2074144786 4330854 3582389
0b007401 0b006a01 10000 100 557 2078542423 9466 10484
0b00a201 0b009701 10000 100 5273737 2073266381 5424959 4431511
0b007801 0b00a401 10000 100 630963 2078045936 658472 539000
0b00d501 0b001501 10000 100 28089 2078672459 34802 33584
0b001a01 0b005401 10000 100 2012 2078867424 11866 11724
0b000b01 0b008201 10000 100 1258554 2077608673 1297664 1065188
0b006e01 0b009201 10000 100 36364 2078921343 42422 40512
0b00e001 0b00bc01 10000 100 53844 2078943811 58813 55148
0b007a01 0b002001 10000 100 187251 2078852824 180874 167020
0b004701 0b000501 10000 100 8898999 2070200965 8928464 7470920
0b00a601 0b00e801 10000 100 23662 2079240847 30711 29851
0b00a301 0b00ce01 10000 100 3729209 2075413558 3860856 3136599
0b00bd01 0b003401 10000 100 1326671 2073277957 6018015 1122293
0b00ae01 0b002701 10000 100 30256 2079252405 62491 35395
0b006001 0b00d101 10000 100 96376 2079258921 97760 90825
0b00e601 0b00cc01 10000 100 12443 2079340134 20728 20453
0b005301 0b003001 10000 100 18385 2079348035 25902 25437
0b001401 0b001001 10000 100 9243 2079501064 14281 13378
0b00ea01 0b009001 10000 100 3190253 2073067017 6479987 2684736
0b004401 0b001201 10000 100 2124276 2076023283 3814636 1791020
0b009c01 0b00d901 10000 100 2546496 2074706845 5178148 2145001
0b00e301 0b005701 10000 100 18643457 2061142298 18909958 15640695
0b00bf01 0b000401 10000 100 28670 2080070770 35243 34049
0b00f601 0b009601 10000 100 5182 2080297455 14121 14376
0b00e001 0b00f101 10000 100 192 2080325992 9142 10192
0b00e501 0b00e901 10000 100 51802 2080306422 101438 49038
0b005201 0b00d401 10000 100 157659 2080249126 166073 142194
0b004701 0b002701 10000 100 42886 2080369054 51602 45960
0b00d401 0b008501 10000 100 940255 2079579470 941896 798338
0b00ae01 0b001b01 10000 100 52650 2080411261 146680 54155
0b003e01 0b008501 10000 100 25134 2080542776 31947 31105
0b005a01 0b008801 10000 100 2012876 2076932677 3740987 1697600
0b00d101 0b000201 10000 100 73205 2080641035 76345 71405
0b008201 0b00aa01 10000 100 17736 2080709827 26324 24880
0b002601 0b004601 10000 100 44637 2080717383 146110 47437
0b002601 0b002301 10001 100 397382 2080478605 402135 338788
0b00fc01 0b00fa01 10000 100 2553 2080886999 7267 7757
0b00be01 0b006d01 10000 100 28117 2080945902 34772 33607
0b001701 0b00bb01 10000 100 3622 2080992977 13842 13051
0b001001 0b00e901 10000 100 5818499 2074531636 6599160 4888248
0b00a701 0b00a901 10000 100 443118 2080877232 411598 377144
0b000f01 0b000901 10000 100 26445 2081245486 52691 27792
0b00e601 0b00ab01 10000 100 75483 2081282641 82725 73304
0b00b001 0b00c001 10000 100 6969 2081515549 15625 15844
0b008e01 0b009b01 10000 100 28841 2081510311 35401 34186
0b001401 0b008d01 10000 100 177229 2081577223 172044 158618
0b009d01 0b000301 10000 100 5783 2081801693 23070 14856
0b00f201 0b009e01 10000 100 54035 2081812923 61171 55340
0b000401 0b00a401 10000 100 39362 2081896259 45273 43025
0b004901 0b009d01 10000 100 79478 2081815494 154943 76654
0b007b01 0b00d801 10000 100 1842238 2078815265 3222379 1554561
0b00cb01 0b00f701 10000 100 6245509 2075754857 6294775 5246253
0b00f101 0b004901 10000 100 41296 2082087102 47187 44649
0b009d01 0b00cb01 10000 100 522362 2081181475 955770 447972
0b008a01 0b006601 10000 100 19292 2082169185 26701 26201
0b00fd01 0b008b01 10000 100 1868033 2079900809 2333231 1576196
0b00e501 0b005f01 10000 100 2374666 2073113148 9167685 2000932
0b005201 0b00bb01 10000 100 688 2082290393 10871 10588
0b004701 0b002301 10000 100 49312 2082225887 123824 51369
0b003701 0b007901 10000 100 577445 2081745455 628381 494151
0b00bb01 0b001e01 10000 100 1519223 2080845034 1538571 1283746
0b009601 0b00cd01 10000 100 7057103 2073792136 8592396 5926709
0b005001 0b00d301 10000 100 3986 2082393322 13089 13342
0b00aa01 0b009d01 10000 100 4168010 2078089475 4635543 3504497
0b005101 0b005201 10000 100 737618 2081584701 1206959 624033
0b000601 0b000a01 10000 100 40329 2082849471 42170 39437
0b001d01 0b00cf01 10000 100 1964625 2078998923 3912273 1657156
0b00fd01 0b00de01 10000 100 1678387 2081077356 2160352 1417183
0b00d601 0b009501 10000 100 218826 2083030055 209769 193470
0b00ab01 0b005f01 10000 100 6917269 2070719654 12542732 5809466
0b007b01 0b005901 10000 100 26428176 2054893711 28431590 22167414
0b00df01 0b004601 10000 100 42954 2083280511 48845 46014
0b001701 0b002f01 10000 100 33175 2083372638 42751 37845
0b001901 0b00ff01 10000 100 9941006 2073319498 10131678 8344577
0b004801 0b005501 10000 100 40808 2083414161 46370 44220
0b008201 0b005f01 10001 100 3975 2083459756 15514 13333
0b00c301 0b00cb01 10000 100 56047 2083648683 56453 52626
0b002201 0b00cf01 10000 100 3885004 2078020678 5724605 3267225
0b005101 0b008801 10000 100 4697019 2076491750 7342446 3948018
0b007d01 0b009c01 10000 100 71898 2083739857 137094 70283
0b007a01 0b00a701 10000 100 15221 2083945225 22962 22791
0b004601 0b004401 10000 100 8407 2083980738 12376 12671
0b008f01 0b00fc01 10000 100 1925111 2082109330 1915384 1624047
0b004501 0b006001 10000 100 9295 2084035440 24830 17820
0b001801 0b000901 10000 100 1630432 2081805661 2290864 1376976
0b001c01 0b003e01 10000 100 53713 2084126733 58665 55044
0b00fe01 0b00de01 10000 100 70913 2084129674 140129 69456
0b00f701 0b00aa01 10000 100 6069 2084266630 14996 15124
0b00e101 0b006801 10000 100 257417 2083223146 1182406 225840
0b00df01 0b005801 10000 100 79367 2084375876 82085 76565
0b00e501 0b006801 10000 100 662304 2082917775 1552240 565302
0b007f01 0b00b501 10001 100 1714046 2082611298 1918836 1447092
0b005101 0b000001 10000 100 517472 2084064289 554281 443868
0b001701 0b008001 10000 100 190232 2084435254 188204 169520
0b006801 0b00f601 10000 100 7964 2084623387 23889 16678
0b006701 0b00e101 10000 100 861 2084646075 10074 10727
0b007401 0b009001 10000 100 20049 2084692090 27294 26845
0b003801 0b00c401 10000 100 1752214 2082894189 1868673 1479086
0b000901 0b004001 10000 100 6202169 2078522442 6288448 5209930
0b008d01 0b00c301 10000 100 71161 2084756821 74479 69693
0b00eb01 0b00bf01 10000 100 980039 2083284322 1714150 831701
0b003e01 0b008601 10000 100 27741 2084978555 59591 33268
0b00ea01 0b003301 10000 100 105481 2084888654 192949 98455
0b004001 0b00f001 10000 100 22527 2085061317 29526 28904
0b001901 0b003901 10000 100 46892 2085143927 52334 49318
0b00da01 0b004f01 10000 100 9403426 2074946134 10382643 7893854
0b001201 0b00b101 10000 100 18819418 2057020930 28307932 15788222
0b00bc01 0b003701 10000 100 427493 2084930142 401555 368429
0b005501 0b001c01 10000 100 7491 2085334818 16460 16300
0b005f01 0b004201 10000 100 6332 2085381762 15323 15334
0b009f01 0b003401 10000 100 2004 2085396124 11634 11718
0b00ba01 0b00b301 10000 100 26591 2085406314 30587 27909
0b004301 0b007801 10000 100 45832 2085418590 51343 48432
0b00eb01 0b00c201 10000 100 22217066 2059270751 26219518 18636824
0b003001 0b00b101 10000 100 56394 2085583025 60970 57304
0b007601 0b00fe01 10000 100 574064 2084642963 1008876 491331
0b006b01 0b005801 10000 100 390714 2085220806 439994 337585
0b00eb01 0b001201 10000 100 50212 2085752954 58682 52128
0b004501 0b004c01 10000 100 4489856 2081071011 4742218 3769900
0b002701 0b00ba01 10000 100 9400607 2076403093 9527461 7891484
0b00cf01 0b00c201 10000 100 23133 2085960324 27525 25028
0b006801 0b008301 10000 100 4552673 2081443204 4609960 3826973
0b00e401 0b00da01 10000 100 41657 2086098725 48729 44938
0b00f701 0b00ab01 10000 100 844039 2085307887 858509 717679
0b001a01 0b009501 10000 100 30360 2086651353 36906 35478
0b002801 0b003301 10000 100 42209 2086727372 48087 45418
0b00b901 0b007301 10000 100 1372186 2085445977 1402202 1160472
0b007301 0b001301 10000 100 9374 2086858240 17861 17883
0b006f01 0b005601 10000 100 1299331 2084683657 2217353 1099384
0b003101 0b000901 10000 100 3973434 2081204706 5882099 3341348
0b002601 0b000101 10000 100 4652914 2082602849 4688252 3911006
0b004d01 0b006f01 10001 100 7895702 2079356322 8016303 6629768
0b00b701 0b001401 10000 100 758617 2086676622 774839 646039
0b000501 0b00bf01 10000 100 574404 2086887017 604468 491603
0b008401 0b008201 10000 100 1217919 2086752324 1122478 1026706
0b006f01 0b007e01 10001 100 788 2087951272 10007 10668
0b006401 0b00e801 10000 100 4243878 2080909886 7378515 3568072
0b005401 0b00a301 10000 100 15284333 2068788860 19620462 12824410
0b00f001 0b001f01 10000 100 4422 2088405376 13092 13729
0b009801 0b00a301 10000 100 4811179 2071996153 16645396 4043724
0b000e01 0b005601 10000 100 15161676 2067135894 21667722 12721561
0b00db01 0b00f101 10000 100 47573 2088600915 205696 49901
0b008901 0b00a201 10000 100 26310783 2056632244 32191893 22068968
0b004f01 0b003901 10000 100 21091 2088797660 40991 27717
0b006101 0b00d001 10000 100 3475 2088925845 14114 12933
0b00c201 0b00e401 10000 100 7853886 2081019861 8022573 6594702
0b007d01 0b001e01 10000 100 63627 2088982775 72363 63359
0b00d501 0b005701 10000 100 727714 2088382826 748412 620126
0b008901 0b006101 10000 100 7530455 2076264920 12878009 6323554
0b00c201 0b008f01 10000 100 23839 2089166588 30700 29992
0b003501 0b001e01 10000 100 24545 2089378063 33124 30596
0b007a01 0b005001 10000 100 50338 2089320161 99036 52228
0b001c01 0b002b01 10000 100 4642204 2084950249 4674335 3902054
0b005401 0b00b601 10000 100 24362 2089597984 32988 30449
0b00f201 0b00c301 10000 100 835628 2088889093 860997 710604
0b006201 0b002d01 10000 100 220 2089972754 9386 10214
0b000f01 0b001a01 10000 100 38077 2089985084 64024 41959
0b00f101 0b007401 10000 100 50703 2089984792 97659 52520
0b00ae01 0b003401 10000 100 21944516 2064130834 25990085 18408300
0b00fc01 0b001c01 10000 100 78311 2090056215 81132 75682
0b004301 0b004901 10000 100 1414677 2088845257 1302920 1191677
0b006101 0b00bf01 10000 100 96602 2090077201 97829 91006
0b000e01 0b00d701 10000 100 9790119 2074639850 15652823 8218069
0b002201 0b00c301 10000 100 76302 2090254035 117049 73998
0b007801 0b00ac01 10000 100 133872 2090321181 132058 122243
0b00f701 0b000401 10000 100 25284 2090828050 31984 31225
0b00a701 0b009701 10000 100 4094 2090938675 13110 13467
0b00ad01 0b003b01 10000 100 3588044 2087377240 3638868 3018252
0b006901 0b008901 10000 100 26315 2091016892 32982 32088
0b003701 0b002101 10000 100 9066 2091034791 17442 17636
0b00fd01 0b009501 10000 100 36232 2091015957 42463 40406
0b004601 0b00b201 10000 100 20306 2091333536 27542 27051
0b00f601 0b00db01 10000 100 209286 2091206114 201284 185492
0b001901 0b008401 10000 100 11099 2091419475 19419 19340
0b001a01 0b00d701 10000 100 20869 2091572065 27899 27501
0b002601 0b00cb01 10000 100 26880 2091597038 33529 32540
0b002e01 0b00f201 10000 100 17012271 2074282123 17376962 14273116
0b00ab01 0b005001 10000 100 3902780 2087702258 3993581 3282099
0b007901 0b004c01 10000 100 12541807 2069207929 22634653 10525058
0b009f01 0b00e701 10001 100 2379887 2089589049 2395640 2005301
0b001a01 0b005701 10000 100 8370 2091982413 17002 17041
0b007c01 0b00ed01 10000 100 771821 2091473756 787073 657101
0b006801 0b008201 10000 100 3232758 2088957246 3306713 2720353
0b000e01 0b006701 10000 100 684741 2088954698 3496551 584096
0b009d01 0b00f101 10000 100 29938207 2051843857 40696217 25110223
0b005a01 0b000901 10000 100 3661334 2089258109 3725102 3079688
0b001601 0b000b01 10000 100 77326 2092929189 80193 74856
0b002401 0b003601 10000 100 2198670 2087869317 5142760 1853377
0b00fc01 0b008901 10000 100 136774 2093050525 135506 124680
0b004301 0b009c01 10000 100 185842 2093002212 311452 165816
0b000701 0b004b01 10000 100 9553929 2070389787 22981575 8020016
0b006701 0b009401 10000 100 8747 2093506765 18361 17343
0b009801 0b00fc01 10000 100 401369 2093176962 446331 346532
0b00e201 0b00f101 10000 100 27424 2093607356 34152 33014
0b006101 0b005c01 10000 100 1713 2093876693 10992 11447
0b007601 0b003901 10000 100 4351224 2086292407 7608042 3658096
0b005201 0b002e01 10000 100 7734092 2084451156 9675096 6494297
0b007f01 0b00b101 10000 100 141191 2094226230 142295 128405
0b00cf01 0b007401 10000 100 93757 2094245266 140361 88615
0b00bf01 0b009e01 10000 100 2190 2094387795 11444 11867
0b001a01 0b009001 10000 100 1167 2094581419 10611 11010
0b003401 0b00cd01 10000 100 5250 2094748370 14286 14430
0b003701 0b005e01 10000 100 6813 2094962129 15427 15719
0b001401 0b006f01 10000 100 1732083 2093313220 1829509 1462213
0b00bb01 0b003001 10000 100 21794 2095132771 99756 28280
0b007901 0b004b01 10000 100 9948352 2071333921 23965200 8350723
0b00fc01 0b009b01 10000 100 1041700 2094313630 1033585 883372
0b006b01 0b004501 10000 100 9372 2095342309 17687 17881
0b008e01 0b001c01 10000 100 33083 2095332062 39483 37772
0b00d001 0b008601 10000 100 20045214 2074698987 20846090 16815937
0b000901 0b007501 10000 100 1613393 2093944742 1627867 1362692
0b002f01 0b006501 10000 100 27388125 2067946979 27677089 22972237
0b007401 0b000801 10000 100 25689 2095680334 34239 31549
0b001a01 0b006001 10000 100 228156 2095548565 286121 201318
0b005001 0b005101 10000 100 21118 2096121274 41363 23339
0b00c301 0b001101 10000 100 955047 2095514113 953768 810748
0b00d501 0b005301 10000 100 50712 2096492351 55891 52528
0b008d01 0b007f01 10000 100 2332820 2094206484 2370069 1965843
0b005301 0b002201 10000 100 21506 2096573562 28635 28049
0b000b01 0b001501 10000 100 1909313 2094877133 1897885 1610794
0b001001 0b00a701 10000 100 2716083 2094306270 2803972 2287199
0b00ed01 0b007b01 10000 100 54739 2097097832 59591 55903
0b007c01 0b00e601 10000 100 38077 2097139679 44233 41959
0b00b601 0b00ef01 10000 100 8780151 2088258925 8995152 7371311
0b00ae01 0b004b01 10000 100 8082882 2080349439 16985562 6786692
0b005001 0b009001 10000 100 1719417 2095721946 1745859 1451581
0b00ea01 0b005f01 10000 100 19891029 2066395454 31132663 16686676
0b006a01 0b00ff01 10000 100 39224 2097576870 44966 42915
0b00d101 0b006701 10000 100 9374501 2087796503 10017063 7869600
0b006201 0b005f01 10000 100 31242 2097845345 37764 36222
0b007d01 0b00f401 10000 100 606217 2097336010 565716 518282
0b003e01 0b008b01 10000 100 9009098 2088910958 9055818 7563262
0b007101 0b00a801 10000 100 26926 2098396461 33557 32577
0b006701 0b00ae01 10000 100 30382 2098460890 36952 35496
0b004801 0b00af01 10000 100 49730 2098618668 54823 51704
0b006c01 0b000801 10000 100 1392139 2097324798 1354488 1177202
0b00a601 0b003601 10000 100 9900201 2086933181 12002903 8310359
0b008e01 0b007401 10000 100 398 2098952632 9148 10356
0b00c301 0b005101 10000 100 1488152 2097555766 1510062 1257699
0b005201 0b000201 10000 100 6935921 2090823577 8454222 5825079
0b00c401 0b000501 10000 100 2940355 2096525934 2979165 2475218
0b000f01 0b007401 10000 100 13990229 2085651658 14219135 11739437
0b00bb01 0b00b601 10000 100 8331926 2092617806 7985800 6991089
0b00b501 0b003801 10000 100 27224142 2074289885 27534040 22834753
0b001201 0b006801 10000 100 29193722 2062034473 41435097 24486027
0b007601 0b001701 10000 100 28755231 2071593512 33231343 24118415
0b006401 0b009c01 10000 100 29867082 2075277523 33586461 25050596
0b001e01 0b00d901 10000 100 24298030 2085026066 24612196 20381505
