0b003101 0b001d01 10000 100 56667 2000017209 56871 57522
0b002001 0b003f01 10000 100 4267 2000080242 12975 13605
0b000501 0b001301 10000 100 2726 2000113971 11699 12296
0b005801 0b001101 10000 100 74891 2000082788 72178 72792
0b003f01 0b003b01 10000 100 46713 2000122002 44088 44775
0b007701 0b001801 10000 100 8529 2000155078 16560 17168
0b005001 0b006601 10000 100 6858 2000184269 15296 15755
0b006e01 0b002601 10000 100 47913 2000158605 49526 50173
0b000901 0b001801 10000 100 44739 2000180955 46997 47519
0b005f01 0b006001 10000 100 50339 2000186746 51657 52229
0b005e01 0b001901 10000 100 215576 2000056008 190041 190755
0b005b01 0b002101 10000 100 7467 2000236382 15649 16280
0b001a01 0b004901 10000 100 73993 2000190321 78906 72036
0b007c01 0b006001 10000 100 8616 2000340066 16607 17238
0b007f01 0b006601 10000 100 68336 2000291304 66870 67318
0b005f01 0b004c01 10000 100 56202 2000312214 56499 57150
0b006f01 0b002f01 10000 100 14735 2000349867 22388 22364
0b002a01 0b006f01 10000 100 274556 2000135261 239984 240204
0b006e01 0b004001 10000 100 46534 2000369089 61288 49032
0b002401 0b003d01 10000 100 131303 2000316342 119430 120111
0b005401 0b006e01 10000 100 6829 2000447578 15195 15732
0b006b01 0b006c01 10000 100 71562 2000403173 68522 65614
0b000701 0b000001 10000 100 1383 2000542857 6114 6783
0b003601 0b002001 10000 100 387824 2000220807 334361 335158
0b004a01 0b004901 10000 100 75459 2000520679 73150 68885
0b004a01 0b004701 10000 100 3695 2000580055 15403 13109
0b002d01 0b002401 10000 100 13210 2000586767 20480 21105
0b001801 0b001901 10000 100 5693 2000628392 14321 10384
0b001301 0b007101 10000 100 25907 2000656041 30833 31724
0b006401 0b001601 10000 100 2724 2000683787 13238 12294
0b003501 0b002c01 10000 100 487776 2000228139 514715 418960
0b000701 0b005901 10000 100 52730 2000649386 94610 54219
0b002301 0b006a01 10000 100 24717 2000728527 30753 30733
0b005201 0b007e01 10000 100 12844 2000751380 30034 20774
0b001e01 0b006501 10000 100 5074 2000762986 26168 14289
0b001a01 0b006301 10000 100 4603 2000755671 44508 13874
0b006d01 0b004201 10000 100 13987 2000783605 32188 21727
0b002501 0b002b01 10000 100 12420 2000805071 20724 20435
0b003501 0b006d01 10000 100 19631 2000793491 57357 26472
0b005001 0b000901 10000 100 8152 2000848465 15969 16867
0b002901 0b000c01 10000 100 702 2000867441 10576 10600
0b002101 0b004701 10000 100 29034 2000858564 33739 34379
0b003701 0b004d01 10000 100 32852 2000863980 36907 37548
0b004501 0b005801 10000 100 472660 2000501963 405659 406291
0b007501 0b002f01 10000 100 284712 2000723516 248177 248713
0b001301 0b005d01 10000 100 4928 2000987662 21534 14134
0b005701 0b000e01 10000 100 37418 2000981632 40931 41393
0b001901 0b000401 10000 100 67019 2000904360 121363 66226
0b007401 0b006101 10000 100 886905 2000256985 825005 753584
0b002a01 0b000901 10000 100 20575 2001056093 26839 27266
0b001801 0b004501 10000 100 46538 2001001608 86745 49035
0b003001 0b007701 10000 100 76712 2000978358 132847 74326
0b002b01 0b007701 10000 100 13796 2001075092 59586 21574
0b003201 0b005e01 10000 100 379229 2000791416 344077 327975
0b002001 0b005e01 10000 100 24248 2001091670 47411 30358
0b006c01 0b003901 10000 100 879279 2000400900 750017 747215
0b007d01 0b000601 10000 100 19028 2001159233 25613 25990
0b005701 0b006601 10000 100 61783 2001125018 61154 61807
0b003e01 0b001d01 10000 100 12597 2001168310 20400 20576
0b000801 0b003001 10000 100 2683 2001196372 11632 12261
0b003501 0b004a01 10000 100 416220 2000540062 668582 358988
0b004901 0b002c01 10000 100 1551 2001172541 62801 11317
0b004b01 0b002e01 10000 100 14616 2001237929 27501 22268
0b002401 0b007201 10000 100 69474 2001198162 67810 68267
0b007501 0b001f01 10000 100 24125 2001268823 29622 30260
0b004701 0b004901 10000 100 5543 2001289808 14441 14664
0b005801 0b006f01 10000 100 36147 2001278898 41144 40338
0b007e01 0b000101 10000 100 9396 2001317514 17269 17900
0b006c01 0b007701 10000 100 702 2001336611 9612 10600
0b000101 0b007201 10000 100 7807 2001359782 15998 16552
0b005201 0b003a01 10000 100 1359468 2000222626 1159713 1149798
0b002b01 0b001a01 10000 100 1412050 2000023339 1372361 1193899
0b005b01 0b001601 10000 100 992500 2000511894 891165 842131
0b005a01 0b006301 10000 100 28583 2001354072 56906 33980
0b002001 0b006701 10000 100 24406 2001385801 29833 30484
0b001001 0b004101 10000 100 62005 2001364564 61378 62023
0b006f01 0b000701 10001 100 136754 2000927486 510698 124664
0b003701 0b000f01 10000 100 10924 2001425601 18529 19161
0b000001 0b000201 10000 100 30618 2001420518 32920 31284
0b007f01 0b002101 10000 100 53912 2001415734 54553 55203
0b004c01 0b005e01 10000 100 71973 2001401108 69811 70343
0b001a01 0b004301 10000 100 76322 2001362089 138046 74014
0b005601 0b001401 10000 100 849388 2000801007 737340 722150
0b001101 0b001501 10000 100 20063 2001504001 58550 22456
0b003b01 0b006101 10000 100 368 2001595784 9637 10332
0b002601 0b003701 10000 100 5488 2001595349 13990 14620
0b007b01 0b004001 10000 100 548932 2001148748 494040 470227
0b006001 0b004201 10000 100 1097473 2000543936 1143959 930141
0b002401 0b004901 10000 100 8676 2001668324 24436 17286
0b002a01 0b003801 10000 100 35276 2001673954 38961 39603
0b005b01 0b004801 10000 100 77706 2001637795 76212 75160
0b006301 0b000901 10000 100 239300 2001507511 210134 210656
0b001701 0b005701 10000 100 130854 2001622774 125334 119713
0b003501 0b004a01 10001 100 793945 2000788902 992728 675645
0b000501 0b004901 10000 100 78495 2001679121 103572 75829
0b007901 0b002e01 10000 100 57650 2001712398 83628 58347
0b004b01 0b001d01 10000 100 61453 2001731765 86475 61543
0b000701 0b001d01 10000 100 28620 2001735872 92871 34009
0b004e01 0b007c01 10000 100 97539 2001753840 91286 91794
0b000201 0b004601 10000 100 75361 2001777278 73776 73207
0b005501 0b006a01 10000 100 1023029 2000983311 871941 867744
0b005201 0b007701 10000 100 72534 2001749391 117939 70830
0b004601 0b005901 10000 100 440705 2000871645 1033695 379498
0b006901 0b001301 10000 100 44412 2001864188 51386 47257
0b002901 0b005901 10000 100 808811 2000489085 1447897 688114
0b007501 0b002a01 10000 100 56321 2001882512 56595 57245
0b002401 0b006e01 10000 100 629886 2001399090 553104 538100
0b004701 0b005301 10000 100 4557 2001939681 31913 13837
0b004d01 0b004f01 10000 100 44940 2001898433 79418 43280
0b002e01 0b006f01 10000 100 34155 2001940982 39013 38668
0b005701 0b007a01 10000 100 611283 2001456314 527811 522527
0b004c01 0b003901 10000 100 29603 2001950100 36309 34834
0b003b01 0b005f01 10000 100 20748 2001972863 29081 27404
0b002401 0b000001 10000 100 875 2002028108 10661 10738
0b003801 0b007101 10000 100 1537 2002031023 11222 11306
0b001901 0b003f01 10000 100 1752251 2000516360 1534699 1479116
0b002301 0b006101 10000 100 37445 2002042523 43423 41415
0b004501 0b001601 10000 100 65552 2001973664 118513 64976
0b003101 0b002c01 10000 100 726132 2001044483 1077173 618822
0b006501 0b003501 10000 100 33465 2002074911 66575 38077
0b000c01 0b001b01 10000 100 1880417 2000436457 1739924 1586564
0b003801 0b002401 10000 100 63639 2002137673 62715 63368
0b006401 0b007a01 10000 100 7419 2002188153 15651 16242
0b007701 0b004301 10000 100 4779 2002120925 94484 14015
0b002001 0b000d01 10000 100 5337 2002208609 40192 14500
0b001601 0b000a01 10000 100 33133 2002226877 39682 37812
0b000b01 0b006501 10000 100 593535 2001190114 1076550 507637
0b004b01 0b000901 10000 100 21145 2002226394 45370 27760
0b001c01 0b000301 10000 100 26315 2002242955 33853 32088
0b007101 0b001d01 10000 100 64561 2002178881 117655 64144
0b002b01 0b006401 10000 100 6669 2002290794 14973 15604
0b004a01 0b001101 10000 100 58307 2002198116 113737 58911
0b004701 0b000b01 10000 100 943281 2001512808 840203 800874
0b001201 0b007801 10000 100 71466 2002216154 184272 69937
0b006d01 0b005201 10000 100 54576 2002360075 56748 55772
0b000901 0b001f01 10000 100 196969 2002167615 257395 175140
0b001901 0b005601 10000 100 35017 2002372772 65651 39396
0b006b01 0b007701 10000 100 61944 2002366637 126031 61936
0b001f01 0b002901 10000 100 826 2002460477 75549 10699
0b006501 0b003f01 10000 100 61864 2002440369 112819 61872
0b001501 0b000601 10000 100 185963 2002107461 450179 165912
0b007001 0b001401 10000 100 13239 2002548480 21888 21128
0b000701 0b002501 10000 100 3909 2002537841 37833 13280
0b007a01 0b003001 10000 100 27066 2002556742 32412 32728
0b004001 0b004201 10000 100 2517 2002581493 14555 7728
0b005301 0b007701 10000 100 1338725 2000811942 1805957 1132397
0b006101 0b000a01 10000 100 115224 2002384307 250245 106633
0b000001 0b003301 10000 100 18390 2002603064 37736 25441
0b001b01 0b002601 10000 100 187656 2002322406 323862 167344
0b005601 0b006601 10000 100 709699 2002014897 634462 605023
0b000501 0b007e01 10000 100 54435 2002458229 191258 55660
0b004c01 0b005e01 10001 100 38485 2002612002 43276 42285
0b004901 0b003201 10000 100 41719 2002533865 122575 44988
0b002901 0b001201 10000 100 6427 2002598036 59903 15410
0b006801 0b001201 10000 100 4082 2002648033 19692 13457
0b004601 0b007b01 10000 100 7002 2002657944 16467 15908
0b005501 0b002201 10000 100 96115 2002500642 173802 90616
0b003c01 0b000101 10000 100 47659 2002622895 69245 49970
0b007c01 0b006e01 10000 100 3037 2002695527 13337 12583
0b003301 0b006801 10000 100 232813 2002511784 216025 205197
0b001a01 0b006301 10001 100 30769 2002647814 84379 35805
0b000301 0b001901 10000 100 66258 2002678878 65132 65579
0b004c01 0b001701 10000 100 22722 2002717769 29465 29060
0b002a01 0b005e01 10000 100 43730 2002721531 46196 46673
0b000e01 0b007a01 10000 100 68814 2002635839 140358 67700
0b006101 0b003101 10000 100 1389410 2000375876 2401492 1174904
0b004501 0b000a01 10000 100 20032 2002770416 35014 26832
0b007801 0b006d01 10000 100 46896 2002760535 49944 49321
0b004801 0b007701 10000 100 26248 2002755533 56309 32035
0b006001 0b000a01 10000 100 42296 2002735664 79909 45488
0b007d01 0b002101 10000 100 1395613 2001642577 1179248 1180096
0b003a01 0b003001 10000 100 152801 2002696681 137633 138116
0b003501 0b004601 10000 100 366827 2002525274 317362 317554
0b001d01 0b003301 10000 100 526751 2002140248 710929 451637
0b006f01 0b000701 10000 100 1070917 2000836757 2045844 907860
0b003401 0b007801 10000 100 17599 2002871364 32412 24770
0b007e01 0b002101 10000 100 20728 2002869286 36549 27388
0b000e01 0b005901 10000 100 809356 2001166597 1746281 688588
0b004901 0b001201 10000 100 63503 2002613916 300422 63260
0b004901 0b003f01 10000 100 51851 2002652281 263156 53477
0b002c01 0b006101 10000 100 77440 2002827351 139759 74947
0b007301 0b000e01 10000 100 1900800 2001345720 1666811 1603638
0b004801 0b001b01 10000 100 162279 2002788112 224586 146082
0b004e01 0b004a01 10000 100 61822 2002872224 142943 57438
0b007901 0b005901 10000 100 603529 2001509196 1590194 516016
0b001301 0b005601 10000 100 973487 2001708684 1392084 826191
0b001301 0b003501 10000 100 27480 2003054564 54905 33059
0b002d01 0b004a01 10000 100 21403 2002972762 155421 27967
0b005f01 0b007201 10000 100 17970 2003133335 40175 25067
0b002601 0b006e01 10000 100 15083 2003161706 22886 22680
0b007201 0b007a01 10000 100 27049 2003156055 46531 32714
0b002301 0b007201 10000 100 210516 2002734090 500878 186515
0b003401 0b004301 10000 100 60448 2003063378 174805 60700
0b003e01 0b004f01 10000 100 41793 2003197291 44872 45047
0b005901 0b007101 10000 100 303036 2002772724 527805 264102
0b006c01 0b001d01 10000 100 7383 2003279667 24666 16213
0b007f01 0b003401 10000 100 121827 2003055320 314936 112146
0b004c01 0b006001 10000 100 59735 2003311179 62754 60092
0b002001 0b004201 10000 100 1616322 2001997643 1391570 1365150
0b006001 0b003701 10000 100 18164 2003349341 45087 25260
0b002601 0b004e01 10000 100 44331 2003386859 47982 47192
0b005301 0b000101 10000 100 35714 2003439728 42498 39953
0b001801 0b002701 10000 100 20599 2003426227 72107 27285
0b004701 0b002501 10000 100 27697 2003468359 34269 33232
0b000f01 0b001901 10000 100 6597 2003493055 24917 15546
0b005801 0b005201 10000 100 682645 2002554277 1006786 582343
0b002e01 0b007101 10000 100 23515 2003437833 144699 29733
0b002e01 0b006e01 10000 100 62697 2003373916 224217 62576
0b004d01 0b006901 10000 100 558890 2003031984 582508 478577
0b002401 0b007a01 10000 100 75385 2003552415 77575 73226
0b001701 0b001401 10000 100 233 2003626586 5082 5824
0b000a01 0b004401 10000 100 37132 2003424241 213480 41164
0b001c01 0b006c01 10000 100 67596 2003571533 81444 66688
0b004b01 0b007c01 10000 100 1677014 2002222070 1432871 1416046
0b001101 0b003901 10000 100 20379 2003586993 81238 27109
0b006501 0b006601 10000 100 20640 2003648613 28658 22918
0b005601 0b007201 10000 100 16463 2003637083 44895 23823
0b006c01 0b006b01 10000 100 23070 2003642135 43511 24977
0b001e01 0b005e01 10000 100 9670 2003632833 83395 18120
0b004d01 0b004401 10000 100 1727 2003716862 10893 11458
0b003401 0b000f01 10000 100 30956 2003676519 61194 35955
0b001501 0b004801 10000 100 8016 2003678987 93610 16758
0b003c01 0b001701 10000 100 59113 2003707900 83533 59594
0b001201 0b006701 10000 100 198650 2003288476 508136 176561
0b000a01 0b003701 10000 100 605744 2002890530 954924 517865
0b007501 0b002201 10000 100 7494 2003825136 22466 16302
0b007701 0b002e01 10000 100 2502 2003839607 16309 12116
0b003501 0b002b01 10000 100 194354 2003684031 172547 172971
0b003701 0b006301 10000 100 6220 2003735405 127803 15244
0b003601 0b006301 10000 100 422526 2002900257 976968 364264
0b000c01 0b002901 10000 100 871841 2001520445 2362902 740957
0b001e01 0b005401 10000 100 79370 2003609373 283565 76568
0b007a01 0b001901 10000 100 625878 2003371146 539857 534740
0b004801 0b004b01 10000 100 19299 2003873382 37790 21807
0b002101 0b006a01 10000 100 20496 2003913197 34162 27203
0b001601 0b003e01 10000 100 62570 2003775983 195909 62475
0b006701 0b005101 10000 100 191898 2003733431 243891 170891
0b000c01 0b001d01 10000 100 168516 2003562994 415830 151302
0b003201 0b003401 10000 100 27032 2003955978 28432 28300
0b006c01 0b001101 10000 100 1688433 2002030713 1966785 1425604
0b006901 0b001e01 10000 100 1524536 2000645838 3361852 1288188
0b001401 0b004501 10000 100 1028 2004013299 12849 10899
0b005701 0b002801 10000 100 193734 2003845816 181978 172436
0b007901 0b005301 10000 100 2508 2003953656 89562 12121
0b005a01 0b007801 10000 100 3731388 2000360806 3702487 3138419
0b003001 0b001601 10000 100 2152 2003956983 107658 11836
0b001101 0b000201 10000 100 3411 2004045531 22424 12882
0b005f01 0b000b01 10000 100 13926 2004071102 43586 21678
0b004301 0b005801 10000 100 34251 2004066179 52759 38744
0b006b01 0b005301 10000 100 131510 2003837932 282908 120276
0b002101 0b007c01 10000 100 21438 2004096005 27593 27995
0b006301 0b000601 10000 100 1114374 2003141568 988030 944315
0b000c01 0b005b01 10000 100 78500 2003716763 461297 75833
0b003c01 0b001001 10000 100 19951 2004153135 33777 26728
0b001601 0b000d01 10000 100 167453 2003738236 448830 150413
0b002601 0b001c01 10000 100 32425 2004067040 120167 37207
0b000201 0b002501 10000 100 4537 2004172485 14789 13821
0b003401 0b003d01 10000 100 596664 2003048785 1163184 510256
0b002b01 0b002701 10000 100 20559 2004090392 130956 27253
0b000a01 0b002101 10000 100 56060 2004139685 82537 57036
0b001101 0b001d01 10000 100 526832 2003104392 1169693 451702
0b000501 0b007401 10000 100 7752 2004162145 129501 16508
0b000a01 0b002701 10000 100 1233888 2002104953 2211650 1044496
0b005801 0b003b01 10000 100 163031 2003792686 552562 146722
0b003701 0b006601 10000 100 31995 2004283442 63478 36824
0b001901 0b003e01 10000 100 103895 2004250884 96612 97109
0b001101 0b000001 10001 100 5679 2004216761 151093 14773
0b006401 0b004c01 10000 100 124027 2003944685 426548 114021
0b002b01 0b002801 10000 100 77278 2004319082 73927 70417
0b005001 0b006c01 10000 100 100 2004386858 13922 10118
0b003701 0b005301 10000 100 22114 2004370344 37993 28574
0b004b01 0b007901 10000 100 22646 2004396874 28927 29000
0b004501 0b002001 10000 100 2243 2004418343 13073 11909
0b003f01 0b007101 10000 100 45378 2004366842 65186 48068
0b001e01 0b004c01 10001 100 5579 2004386487 72723 14693
0b001e01 0b004d01 10000 100 8736 2004317750 152550 17334
0b007401 0b000001 10000 100 186784 2004064344 406944 166608
0b000201 0b006c01 10000 100 123874 2004326975 145710 113860
0b002c01 0b004001 10000 100 54845 2004413303 61635 55988
0b000601 0b004b01 10000 100 63056 2004361924 114698 62902
0b005d01 0b003601 10001 100 13967 2004238146 276943 21711
0b001e01 0b001d01 10000 100 195850 2003804562 717875 169806
0b000a01 0b005001 10000 100 14321 2004522564 21399 22032
0b002d01 0b006a01 10000 100 65033 2004433268 118235 64560
0b001001 0b003d01 10000 100 74938 2004467841 119100 72830
0b003401 0b001101 10000 100 27012 2004565034 34228 32684
0b001201 0b005f01 10000 100 42386 2004534242 115345 45560
0b001101 0b006c01 10000 100 134817 2004372469 277251 123037
0b003b01 0b006f01 10000 100 36318 2004618035 42308 40475
0b006501 0b006301 10001 100 2584 2004639216 21278 7782
0b004901 0b006d01 10000 100 61857 2004249715 411101 61866
0b001a01 0b000d01 10000 100 187935 2004275429 420899 167567
0b004d01 0b006401 10000 100 76007 2004399047 310819 73762
0b004301 0b003601 10000 100 1873142 2000744121 3969587 1580475
0b005f01 0b007f01 10000 100 374557 2004063375 650685 324045
0b004901 0b004301 10000 100 55433 2004289866 464376 56496
0b006a01 0b002401 10000 100 1151151 2003564036 1205775 975157
0b005d01 0b000701 10000 100 1944321 2000980300 3790962 1640144
0b003e01 0b001a01 10000 100 141702 2004640619 135893 128814
0b004d01 0b007701 10000 100 37890 2004521872 321222 41771
0b007a01 0b006601 10000 100 952782 2004016179 835042 808820
0b004001 0b002201 10000 100 4579932 2000384298 4472841 3849817
0b000401 0b005701 10000 100 118329 2004587669 277831 109232
0b002001 0b007c01 10000 100 3202 2004856578 12207 12715
0b004001 0b001901 10000 100 50322 2004798962 76515 52216
0b001d01 0b004801 10000 100 7609 2004849643 26922 16394
0b002f01 0b006e01 10000 100 134410 2004737937 161051 122712
0b005701 0b005001 10000 100 375443 2004604458 333627 320392
0b004201 0b002601 10000 100 59440 2004747124 213297 59856
0b003701 0b004f01 10000 100 152477 2004826105 141536 137856
0b002301 0b006501 10000 100 9797 2004945852 25874 18221
0b007001 0b005301 10000 100 75671 2004877656 132776 73455
0b004001 0b006101 10000 100 66516 2004927406 98281 65785
0b006801 0b004801 10000 100 2864361 2002332634 2706387 2411504
0b006501 0b006301 10000 100 609715 2003107167 1948635 516796
0b002401 0b000f01 10000 100 24024 2005038234 48973 30179
0b000501 0b007001 10000 100 48089 2004917072 173069 50352
0b007201 0b005801 10000 100 19044 2004848519 251703 26003
0b007f01 0b000d01 10000 100 1683947 2001535387 3571004 1421823
0b002e01 0b003701 10000 100 68717 2005002113 108190 67623
0b003801 0b006a01 10000 100 128327 2004606997 513497 117615
0b004d01 0b003601 10000 100 1120038 2001416561 3709345 949076
0b004901 0b001101 10000 100 101200 2004610100 518728 94876
0b007201 0b004501 10001 100 4596 2005154012 32323 13868
0b006e01 0b004e01 10000 100 57083 2005048516 158649 57893
0b001801 0b005401 10000 100 10346 2005192806 31182 18699
0b000701 0b005f01 10000 100 49911 2005101441 136026 51848
0b002201 0b007701 10000 100 2477817 2001941428 3312603 2087408
0b002601 0b006201 10000 100 9342 2005231971 25167 17857
0b001801 0b003b01 10000 100 3978204 2000365337 4919758 3345356
0b007301 0b004501 10000 100 1793288 2003049006 2253408 1513520
0b007101 0b005301 10000 100 3525203 2001675983 3628681 2965560
0b003901 0b002101 10000 100 50896 2005230275 81171 52675
0b003001 0b004a01 10000 100 1452052 2002880532 2447541 1227436
0b005b01 0b005201 10000 100 1093977 2003793997 1536430 927191
0b001801 0b004401 10000 100 621477 2003786735 1565314 531066
0b006c01 0b005701 10000 100 21813 2005352656 36385 28295
0b007101 0b001501 10000 100 41397 2005253042 140450 44730
0b006e01 0b004801 10000 100 44919 2005254851 141837 47663
0b006401 0b001f01 10000 100 168692 2004399715 1003968 151443
0b004001 0b003801 10000 100 25389 2005385453 50728 31309
0b002401 0b003501 10000 100 44199 2005321130 119774 47087
0b007e01 0b003901 10000 100 448973 2004674264 782624 386420
0b007301 0b002801 10000 100 6088 2005462320 22619 15139
0b003101 0b005801 10000 100 16471 2005452355 48112 23829
0b000601 0b003001 10000 100 1034944 2004172190 1335096 877699
0b002c01 0b002501 10000 100 193481 2005330328 191131 172234
0b000c01 0b002601 10000 100 1175858 2003005776 2520410 995844
0b004401 0b001101 10000 100 58973 2005447726 94091 59444
0b004601 0b001001 10000 100 119415 2005405966 146497 110140
0b003f01 0b002d01 10000 100 2031732 2002567696 2998309 1713414
0b004501 0b004d01 10000 100 1225899 2003319153 2249560 1037797
0b006f01 0b003601 10000 100 6753 2005573821 17714 15671
0b002601 0b005701 10000 100 1056 2005605624 10941 10921
0b007101 0b003301 10000 100 48759 2005569256 51094 50888
0b006501 0b007101 10000 100 27305 2005585465 54366 32919
0b002d01 0b005301 10000 100 38321 2005590036 77448 42154
0b003101 0b002c01 10001 100 83006 2005464840 233522 79630
0b006201 0b001501 10000 100 23876 2005633517 81067 30022
0b006701 0b005301 10000 100 8661 2005704433 16732 17274
0b003501 0b005e01 10000 100 24091 2005682526 52489 30232
0b001401 0b005d01 10000 100 2704112 2000474023 5289552 2277161
0b000f01 0b003a01 10000 100 1001580 2004103605 1688844 849740
0b003b01 0b005801 10000 100 52269 2005697255 101216 53850
0b003e01 0b002601 10000 100 22178 2005762466 40356 28625
0b006f01 0b000801 10000 100 11429 2005793306 18995 19604
0b007b01 0b002801 10000 100 18963 2005783593 42881 25900
0b002801 0b007d01 10000 100 1277788 2003681214 2165023 1081305
0b001d01 0b007c01 10000 100 54400 2005838098 66828 55632
0b006201 0b005001 10000 100 9011 2005853042 55725 17592
0b003701 0b000001 10000 100 16473 2005809190 102963 23831
0b000601 0b001e01 10000 100 78732 2005821368 122452 76019
0b006901 0b006b01 10000 100 36300 2005922551 35378 36060
0b005201 0b000f01 10000 100 34703 2005913689 67260 39106
0b006301 0b007801 10000 100 61553 2005924792 67353 61623
0b002401 0b006d01 10000 100 1902842 2003826785 2166293 1605348
0b000f01 0b001801 10000 100 6201 2006012144 19630 15229
0b004001 0b006f01 10000 100 20297 2006005913 26463 27044
0b001b01 0b000b01 10000 100 6442 2006020404 29950 15422
0b007f01 0b005f01 10000 100 422899 2005542170 526299 364562
0b005701 0b007101 10000 100 35793 2006035095 39728 40016
0b006b01 0b003401 10000 100 5838 2006107298 14433 14900
0b004601 0b003e01 10000 100 25514 2006091387 31892 31409
0b007a01 0b000201 10000 100 25882 2006095492 41406 31704
0b006a01 0b003b01 10000 100 25451 2006098043 65879 31359
0b006201 0b001201 10000 100 942700 2005293054 873880 800371
0b000f01 0b005f01 10000 100 5313 2006149578 17497 14480
0b000f01 0b003501 10000 100 7132 2006161489 26801 16012
0b002901 0b006401 10000 100 51091 2006035677 187863 52869
0b005001 0b001301 10000 100 776895 2005534533 697016 661352
0b001901 0b001401 10000 100 935 2006212865 38270 10786
0b001701 0b007001 10000 100 2378 2006248294 20589 12017
0b007801 0b003f01 10000 100 23922 2006227786 49730 30059
0b004b01 0b007001 10000 100 1254315 2005195182 1092643 1061644
0b001401 0b004901 10000 100 9227 2006230143 63436 17765
0b001001 0b004101 10001 100 24643 2006206072 91425 30674
0b005d01 0b003601 10000 100 1669705 2001708438 4602856 1409892
0b004f01 0b004a01 10000 100 78006 2006116533 213004 71038
0b000101 0b006c01 10000 100 30651 2006282044 49350 35711
0b000701 0b001f01 10000 100 641035 2004258305 2076096 547480
0b001001 0b002201 10000 100 7227 2006327506 19026 16088
0b002301 0b000c01 10000 100 58914 2006244108 159832 59396
0b003b01 0b003101 10000 100 705161 2004883374 1523107 601239
0b001301 0b002b01 10000 100 1386600 2004984917 1436403 1172540
0b000101 0b005b01 10000 100 1451123 2002927677 3521090 1226655
0b007301 0b000101 10000 100 23523 2006380104 69481 29740
0b005c01 0b002f01 10000 100 50710 2006425946 53165 52526
0b007901 0b007301 10000 100 50040 2006399542 82116 51990
0b006a01 0b007701 10000 100 1387231 2004479855 2031472 1173084
0b007801 0b000a01 10000 100 1135523 2005596000 985897 962040
0b001a01 0b004c01 10000 100 9990 2006542030 42680 18376
0b007a01 0b007701 10000 100 61837 2006545920 61705 61850
0b003901 0b003f01 10000 100 5623 2006596328 12095 10328
0b006201 0b000d01 10000 100 4364 2006575006 41686 13683
0b007c01 0b007b01 10000 100 58055 2006540658 94140 54309
0b000d01 0b000601 10000 100 95296 2006478867 159521 89923
0b003f01 0b001901 10000 100 974567 2005832369 829984 827093
0b002e01 0b006801 10000 100 6099 2006632215 37578 15148
0b006201 0b006601 10000 100 7600 2006639159 44949 11987
0b000301 0b003e01 10000 100 12882 2006653601 35215 20804
0b001f01 0b002601 10000 100 53706 2006551675 149898 55038
0b006001 0b001601 10000 100 3358416 2001247889 5476961 2825718
0b007a01 0b005601 10000 100 2003 2006718821 12323 11717
0b002901 0b000201 10000 100 1793468 2003011889 3728776 1513664
0b002f01 0b007901 10000 100 1602887 2005191894 1551297 1353864
0b005801 0b006a01 10000 100 1651014 2003387768 3382965 1394248
0b002901 0b000001 10000 100 24518 2006624507 161027 30574
0b006e01 0b002f01 10000 100 67224 2006650087 166068 66390
0b007001 0b005c01 10000 100 42700 2006711097 116687 45811
0b001c01 0b006601 10000 100 23742 2006673158 161884 29915
0b002301 0b001e01 10000 100 1052576 2004053256 2792363 892496
0b000c01 0b004101 10000 100 826377 2005293710 1553840 702858
0b003801 0b005601 10000 100 7305 2006839450 24483 16151
0b003601 0b001001 10000 100 515820 2006045711 825909 442470
0b005f01 0b005e01 10000 100 26067 2006751471 129034 27490
0b000401 0b007301 10000 100 23558 2006835398 51119 29768
0b004001 0b000901 10000 100 23846 2006870248 31224 29998
0b007401 0b007801 10000 100 41167 2006785696 119150 44546
0b001201 0b007e01 10000 100 97017 2006377442 530539 91376
0b007501 0b004501 10000 100 583488 2006083535 852543 499216
0b004d01 0b001b01 10000 100 2822016 2004133846 2805733 2376016
0b000c01 0b006001 10000 100 16990 2006817605 123402 24244
0b006a01 0b000b01 10000 100 57551 2006885195 109001 58268
0b001d01 0b006501 10000 100 641712 2006025397 988156 548022
0b000f01 0b007c01 10000 100 59939 2006892391 161284 60255
0b000001 0b004101 10000 100 88367 2006630261 431989 84111
0b007601 0b006f01 10000 100 30746 2006940730 126644 35787
0b007e01 0b001501 10000 100 25052 2007009748 66440 31040
0b001501 0b002301 10000 100 3831178 2000612526 6482423 3222091
0b005d01 0b002b01 10000 100 3962 2007093304 14803 13323
0b001f01 0b004b01 10000 100 708795 2005925804 1190939 604261
0b004b01 0b001901 10000 100 36699 2007000741 116009 40780
0b005201 0b004601 10000 100 65759 2007000469 126400 65141
0b000401 0b000601 10000 100 13211 2007122563 28220 16706
0b000f01 0b002f01 10000 100 11673 2007132377 28255 19799
0b003e01 0b000d01 10000 100 78503 2007036972 133711 75836
0b002701 0b001401 10000 100 892629 2005592057 1595013 758394
0b001101 0b004a01 10000 100 2985001 2001567957 5630168 2512663
0b004901 0b005201 10000 100 1123547 2002668853 4537893 951999
0b000301 0b003001 10000 100 1486065 2004815524 2400402 1255952
0b005801 0b002901 10000 100 333699 2006462684 761958 289784
0b001101 0b000001 10000 100 1692473 2003340518 3912098 1428989
0b001a01 0b005401 10000 100 835596 2005197488 2066544 710579
0b004e01 0b007101 10000 100 1232313 2006242760 1044492 1043197
0b007f01 0b004501 10000 100 8972 2007305972 18567 17523
0b000301 0b007a01 10000 100 36186 2007278134 55038 40369
0b001a01 0b005d01 10000 100 28668 2007241857 107805 34048
0b003201 0b001401 10000 100 1754518 2004150145 3213874 1481006
0b004c01 0b006601 10000 100 185340 2007092665 274377 165414
0b002c01 0b004e01 10000 100 35935 2007314899 54572 40130
0b002d01 0b005b01 10000 100 1024445 2004781051 2590723 868916
0b004601 0b001701 10000 100 769389 2006682032 692221 655079
0b001b01 0b006c01 10000 100 704374 2006151982 1230793 600571
0b007e01 0b004e01 10000 100 28688 2007306272 91559 34064
0b005f01 0b001501 10000 100 5668053 2001158670 6251484 4762132
0b002a01 0b001e01 10000 100 20844 2007389132 39273 27481
0b004f01 0b002601 10000 100 1558048 2003793654 3637365 1316304
0b007401 0b004c01 10000 100 66458 2007207853 249496 65739
0b007201 0b000201 10000 100 1411286 2003072276 4397664 1193249
0b007301 0b003c01 10000 100 32710 2007379561 92463 37435
0b001201 0b006901 10000 100 158033 2006802940 674924 142532
0b004901 0b007d01 10000 100 25405 2007379006 114524 31322
0b004001 0b004601 10000 100 35374 2007447307 64159 35281
0b004701 0b005001 10000 100 1202325 2006076988 1455289 1018055
0b007901 0b002d01 10000 100 985737 2005650264 1891341 836452
0b003b01 0b001a01 10000 100 25558 2007521736 32357 31444
0b004801 0b005d01 10000 100 4026930 2000384323 7192381 3386180
0b001901 0b002601 10000 100 62884 2007479019 110802 62726
0b001201 0b004801 10000 100 1845 2007575617 15244 11552
0b005d01 0b002401 10000 100 11454 2007576842 28649 19624
0b006701 0b003201 10000 100 21499 2007549614 63320 28044
0b002801 0b005e01 10000 100 3575848 2002981232 4632789 3007996
0b003d01 0b000701 10000 100 73162 2007533947 114624 71371
0b007201 0b006e01 10000 100 1606384 2003285591 4365147 1356816
0b002101 0b003d01 10000 100 64845 2007573482 107675 64372
0b001d01 0b000b01 10000 100 651102 2006435864 1263064 555918
0b007101 0b004e01 10000 100 44695 2007609054 90933 47484
0b005101 0b000e01 10000 100 9124 2007696281 19077 17683
0b007001 0b007801 10000 100 810986 2006523753 1194272 689931
0b002401 0b003301 10000 100 41385 2007600854 118547 44720
0b000301 0b002001 10000 100 1347259 2004904008 2815944 1139570
0b003401 0b004e01 10000 100 415539 2007359790 400484 358405
0b002101 0b004801 10000 100 79464 2007708319 83024 76643
0b001901 0b001601 10000 100 71900 2007673240 121226 70284
0b000f01 0b004701 10000 100 38449 2007755148 72992 42256
0b007a01 0b004401 10000 100 9165 2007834379 24202 17716
0b005d01 0b000401 10000 100 75225 2007687518 183849 73098
0b000001 0b002001 10000 100 756195 2005479354 2396140 644024
0b000c01 0b003601 10000 100 69120 2007657421 221747 67984
0b005801 0b001801 10000 100 8957 2007876235 17928 17511
0b004401 0b000101 10000 100 8794 2007876196 47848 17380
0b001d01 0b003d01 10000 100 30948 2007896634 57292 35948
0b001701 0b004d01 10000 100 1821175 2003362311 4650052 1536904
0b004c01 0b002301 10000 100 47493 2007884942 129336 49837
0b002f01 0b006d01 10000 100 1757 2008017447 10853 11482
0b002501 0b007701 10000 100 29924 2007934086 107588 35091
0b001601 0b005201 10000 100 1163066 2006505816 1542701 985150
0b002301 0b004201 10000 100 52732 2007945998 106729 54220
0b003701 0b005b01 10000 100 77263 2007893415 200414 74805
0b007801 0b000801 10000 100 181357 2007975071 161586 162074
0b005501 0b005701 10000 100 2284 2008138417 7305 7542
0b001501 0b006d01 10000 100 4709 2008140870 15365 13959
0b000401 0b007701 10000 100 119668 2007857722 314892 110342
0b000401 0b004801 10000 100 4935 2008078718 108103 14140
0b007401 0b002401 10000 100 296753 2007345439 847259 258807
0b004701 0b001f01 10000 100 1839787 2002822627 5400486 1552485
0b002001 0b001f01 10000 100 36025 2008155541 70286 40240
0b001401 0b003b01 10000 100 3783415 2002565043 5661856 3182037
0b002801 0b003701 10000 100 3876 2008220634 39783 13254
0b003601 0b006c01 10000 100 12480 2008254620 20669 20483
0b007901 0b001901 10000 100 28990 2008334115 45398 34305
0b001101 0b005101 10000 100 30399 2008328474 56715 35509
0b005d01 0b000e01 10000 100 737 2008383885 10098 10628
0b003e01 0b007401 10000 100 60728 2008369978 103828 60924
0b000d01 0b007501 10000 100 606418 2007563368 912419 518443
0b002901 0b007801 10000 100 59010 2008357376 161526 59512
0b002b01 0b004a01 10000 100 64360 2008260449 262370 63984
0b004f01 0b007401 10000 100 2783609 2001458186 7082666 2343792
0b007401 0b000b01 10000 100 114801 2008206792 342618 106256
0b006a01 0b004401 10000 100 15084 2008560237 35466 22681
0b003501 0b007601 10000 100 25739 2008444825 160186 31589
0b005801 0b001601 10000 100 65436 2008516649 105270 64883
0b004901 0b006701 10000 100 1180775 2003852313 4804915 999970
0b003c01 0b007401 10000 100 3579164 2000463351 8252765 3010803
0b005e01 0b005301 10000 100 1992495 2005863825 2858828 1680527
0b005501 0b005401 10000 100 55295 2008632984 100879 51986
0b001a01 0b002401 10000 100 574333 2007224482 1519897 491546
0b007501 0b002b01 10000 100 20023 2008706087 59549 26824
0b007601 0b001501 10000 100 22984 2008697114 96573 29270
0b000001 0b006601 10000 100 599562 2007997980 842511 512689
0b007b01 0b005d01 10000 100 33585 2008724634 117729 38173
0b003c01 0b007b01 10000 100 545347 2007773310 1111811 467244
0b004a01 0b002101 10000 100 53783 2008741638 215171 55100
0b000e01 0b004a01 10000 100 20378 2008924513 39365 27108
0b001d01 0b005e01 10000 100 72766 2008885976 108007 71016
0b002e01 0b006b01 10000 100 300624 2008051447 945043 262057
0b000301 0b005c01 10000 100 9396 2008987861 24377 17900
0b000201 0b007b01 10000 100 69347 2008832926 214792 68165
0b007b01 0b003a01 10000 100 2557 2008974627 92443 12160
0b003901 0b004c01 10000 100 175290 2008884574 186758 156990
0b005001 0b002801 10000 100 899449 2007019453 2073654 764119
0b005001 0b000901 10001 100 860231 2008080818 1025730 731247
0b005a01 0b006b01 10000 100 1164512 2007295115 1866134 986345
0b002201 0b007c01 10000 100 1673721 2006562834 2636069 1413258
0b005101 0b001301 10000 100 1021431 2007968641 1261766 866389
0b001401 0b003101 10000 100 32439 2009171013 71091 37218
0b007301 0b002001 10000 100 1988181 2004744522 4525956 1676922
0b000a01 0b002601 10000 100 1786683 2006616129 2707762 1507967
0b006e01 0b001c01 10000 100 1751159 2003692909 5708831 1478204
0b005101 0b002801 10000 100 587659 2007746274 1657724 502706
0b002b01 0b000c01 10000 100 504873 2007825532 1621761 433290
0b000501 0b005301 10000 100 24305 2009349518 111807 30404
0b007701 0b007a01 10000 100 614033 2009036311 532804 524842
0b001c01 0b000e01 10000 100 142406 2009293786 280357 129416
0b007901 0b003d01 10000 100 42202 2009498366 94767 45412
0b000301 0b001b01 10000 100 122600 2009438106 214508 112803
0b006a01 0b000201 10000 100 972729 2008907552 869396 825546
0b002201 0b003e01 10000 100 1567431 2007408880 2378250 1324156
0b002501 0b005901 10000 100 1036999 2007218740 2601243 879420
0b000e01 0b001c01 10000 100 1751671 2005208982 4617167 1478613
0b000501 0b005a01 10000 100 3589745 2001894286 8011546 3019652
0b001f01 0b003101 10000 100 1222926 2007519149 2591212 1035304
0b005601 0b001a01 10000 100 2068363 2007988243 2241237 1744140
0b003801 0b007601 10000 100 1513972 2004685147 5573573 1279315
0b000401 0b003101 10000 100 4841272 2003074558 7197151 4068950
0b002c01 0b005901 10000 100 646625 2009180326 1130544 552144
0b001e01 0b000c01 10000 100 1807370 2003759649 6723182 1525323
0b001c01 0b002d01 10000 100 4234289 2003149119 7364880 3560055
0b004901 0b007301 10000 100 4494073 2000369019 10160280 3777866
0b004901 0b006a01 10000 100 2769839 2001829985 8713463 2332239
0b000701 0b000001 10001 100 1757475 2006635440 4000295 1479087
0b000501 0b002601 10000 100 2219817 2003898640 7146880 1871101
0b002401 0b004501 10000 100 1148721 2008179769 2944664 973098
0b000401 0b003c01 10000 100 1971385 2008650991 2531114 1662832
0b001a01 0b005101 10000 100 7546814 2000328940 10919660 6337256
0b007901 0b004401 10000 100 4294913 2003324850 8092393 3610858
0b001901 0b007401 10000 100 1368021 2009115969 2347809 1156986
0b000d01 0b006101 10000 100 5215241 2002650029 8980444 4382487
0b005201 0b002701 10000 100 7360942 2002360727 9290152 6181416
0b001901 0b003401 10000 100 1202413 2009328733 2332570 1018125
0b005f01 0b007601 10000 100 1353997 2007752442 3985755 1145191
0b001201 0b007601 10000 100 1661027 2005521070 6348675 1402642
0b007a01 0b004a01 10000 100 1135345 2007970065 3914214 961898
0b001e01 0b005601 10000 100 1837929 2004907708 6985667 1550922
0b006e01 0b003201 10000 100 2491129 2007517554 4410121 2098596
0b006401 0b006b01 10000 100 1293237 2006154684 5835840 1094279
0b006101 0b002c01 10000 100 1991033 2004285177 7718731 1679319
0b000301 0b002f01 10000 100 4137983 2008521506 3587942 3479285
0b000701 0b005401 10000 100 2254014 2008223614 3989930 1899803
0b006701 0b006001 10000 100 3950227 2006204675 6051161 3317500
0b005101 0b003801 10000 100 1551587 2009350339 2911546 1310866
0b005e01 0b007c01 10000 100 2526062 2008540275 3782875 2127886
0b003701 0b006201 10000 100 1130059 2008432905 4041215 957477
0b007101 0b005b01 10000 100 2661138 2007195650 5371122 2241131
0b003301 0b000c01 10000 100 3406420 2005099815 7530532 2865964
0b006d01 0b007e01 10000 100 1774376 2007270967 5375697 1497660
0b007001 0b006a01 10000 100 4693823 2003986820 8664415 3945308
0b001201 0b000401 10000 100 3815922 2002197767 10500167 3209272
0b006701 0b002e01 10000 100 1264248 2008049854 4699627 1069974
0b004901 0b003601 10000 100 4332118 2002655768 10130282 3642081
0b006001 0b004b01 10000 100 4258887 2004910402 7954309 3580655
0b004401 0b005301 10000 100 1242506 2007875036 5164794 1051736
0b001b01 0b003d01 10000 100 9006624 2001799688 11357081 7561168
0b006f01 0b004a01 10000 100 1709167 2008270639 5012200 1442997
0b000c01 0b001201 10000 100 1835549 2008979298 4658621 1548941
0b001501 0b002c01 10000 100 5903479 2000613685 13100499 4959496
0b005101 0b004801 10000 100 3638663 2009223203 4523934 3060668
0b007201 0b002401 10000 100 1833907 2008966232 4817098 1547551
0b006d01 0b006301 10000 100 3379470 2005183573 8771075 2843368
0b006e01 0b002e01 10000 100 3200922 2003745021 10245941 2693656
0b000101 0b002c01 10000 100 2199390 2005973003 8115938 1853992
0b004201 0b007401 10000 100 5157798 2001178744 12940342 4334305
0b000f01 0b007e01 10000 100 10756633 2001606742 12565279 9028375
0b007201 0b006301 10000 100 3884193 2003585501 10987820 3266538
0b007201 0b004501 10000 100 3893223 2004831874 9801627 3274108
0b007301 0b004401 10000 100 5245455 2003354526 11465864 4407810
0b001e01 0b004c01 10000 100 4852373 2001798505 13058519 4078253
0b004c01 0b004a01 10000 100 2533447 2005740494 9140484 2129663
0b002e01 0b005601 10000 100 7489799 2006285575 8598317 6289455
0b003501 0b005501 10000 100 5789141 2005332217 9626689 4863648
0b000001 0b007b01 10000 100 9189377 2004523720 10652498 7714397
0b005501 0b001901 10000 100 7726504 2008418465 6927637 6487920
0b002601 0b003001 10000 100 9907418 2007038174 8911598 8316401
0b002901 0b002101 10000 100 8872126 2004671360 11352997 7448424
0b006001 0b004601 10000 100 8219246 2004954730 11193300 6901044
0b001201 0b005b01 10000 100 4104107 2006015882 10291373 3450917
0b000701 0b006301 10000 100 6679727 2001907769 14578825 5610293
0b001701 0b005801 10000 100 3631910 2006785799 9701410 3054996
0b007401 0b003f01 10000 100 4043336 2006569069 10002872 3399958
0b003d01 0b001601 10000 100 2914318 2009570259 7038821 2453390
0b000201 0b000b01 10000 100 7718977 2006596775 10223860 6481591
0b002301 0b003401 10000 100 6948956 2007604875 9305744 5836006
0b007f01 0b007201 10000 100 4497065 2002457829 14466771 3780375
0b006d01 0b004301 10000 100 4504033 2003438014 13750236 3786218
0b001201 0b005701 10000 100 8218438 2002413795 15321282 6900360
0b001e01 0b000401 10000 100 3774475 2007639477 10171293 3174540
0b001e01 0b002901 10000 100 7291158 2000380740 17454779 6122939
0b002401 0b004101 10000 100 4781569 2006562784 11725418 4018884
0b004c01 0b004a01 10001 100 3444792 2005785169 12677744 2893721
0b002501 0b006201 10000 100 5935206 2005154298 13422283 4986107
0b002501 0b006501 10000 100 8365995 2007643203 10986025 7024050
0b005d01 0b006101 10000 100 9491232 2004227439 14708848 7967478
0b004401 0b007201 10000 100 3725224 2004683714 14267234 3133257
0b001701 0b006d01 10000 100 5909935 2004730442 14311560 4964892
0b002901 0b004301 10000 100 4620393 2003624384 15570098 3883760
0b001a01 0b001001 10000 100 7780247 2004487311 14980750 6532988
0b005901 0b002e01 10000 100 6283553 2002220803 18035891 5278148
0b002301 0b000c01 10001 100 5838636 2006679608 13671486 4905126
0b003501 0b004f01 10000 100 5657818 2009454610 11543871 4753521
0b003101 0b001c01 10000 100 12078304 2001991250 19194753 10136476
0b006d01 0b007201 10000 100 3904794 2003602562 17718799 3283787
0b006501 0b000001 10000 100 12644788 2000626447 21201018 10611398
0b000c01 0b005e01 10000 100 8166675 2006758330 15101627 6856952
0b001101 0b002801 10000 100 9244172 2006067788 15859490 7760345
0b005e01 0b006201 10000 100 6764003 2006208407 15769033 5680978
0b000501 0b001501 10000 100 10818807 2004277844 18058046 9080495
0b004001 0b007201 10000 100 7538194 2006568915 16041257 6330052
0b001d01 0b007601 10000 100 7934343 2000203438 22852726 6662178
0b006101 0b000d01 10000 100 9921801 2000225916 22948958 8328445
0b001001 0b001e01 10000 100 11176554 2001617502 21933320 9380440
0b006701 0b004301 10000 100 7549363 2005782239 18976490 6339410
0b000c01 0b003101 10000 100 9720949 2008801569 16133232 8160045
0b007401 0b007c01 10000 100 8381502 2008613765 17003941 7037070
0b001701 0b002901 10000 100 12531432 2001981255 23754046 10516374
0b006e01 0b007601 10000 100 8417706 2000213449 25549972 7067416
0b003f01 0b006e01 10000 100 20819127 2007582574 18257170 17464789
0b002401 0b000d01 10000 100 13194328 2007062658 18877802 11072150
0b006401 0b005c01 10000 100 3990099 2009541344 17135083 3355333
0b006401 0b003901 10000 100 5039375 2005660032 21331314 4235036
0b006401 0b004301 10000 100 6765864 2002469371 24666693 5682505
0b001301 0b001f01 10000 100 9116000 2001372232 25802425 7652854
0b005a01 0b001601 10000 100 9615697 2005707785 21517072 8071812
0b004401 0b003c01 10000 100 6724279 2007709284 20204744 5647663
0b004a01 0b001f01 10000 100 8659072 2002902119 25928245 7269801
0b007e01 0b000401 10000 100 17738124 2002375148 27493600 14881676
0b006401 0b000701 10000 100 7718513 2003540817 26678359 6481220
0b007401 0b003501 10000 100 16158492 2005228085 25140163 13557299
0b006401 0b002101 10000 100 8776610 2003364150 27609311 7368324
0b004401 0b003e01 10000 100 8324031 2008812552 22431778 6988904
0b000b01 0b002e01 10000 100 11275208 2000530404 30776783 9463164
0b004401 0b005101 10000 100 9301664 2007079357 24286216 7808528
0b007501 0b006801 10000 100 8950501 2008860360 22558840 7514119
0b004a01 0b006201 10000 100 7120166 2008694712 22737655 5979579
0b006101 0b004101 10000 100 9774345 2009515014 21985932 8204836
0b002701 0b005b01 10000 100 11078908 2002858950 28912416 9298560
0b007501 0b006f01 10000 100 10543743 2007803104 24798791 8849884
0b004a01 0b001701 10000 100 15288444 2008119803 24954082 12827852
0b007b01 0b003801 10000 100 27908367 2002701690 30990621 23408399
0b006101 0b001601 10000 100 17715242 2002942308 36129659 14862488
0b007501 0b004701 10000 100 20501793 2008235329 33130721 17198711
0b003501 0b006801 10000 100 24665659 2007573026 34783777 20689701
0b006201 0b001001 10000 100 25697642 2006780269 38314268 21554916
0b005601 0b002c01 10000 100 17236347 2006090476 39949083 14460978
0b003201 0b004101 10000 100 26355483 2004065284 49561639 22106456
0b000501 0b001e01 10000 100 29230277 2000887672 53611782 24516692
