0b006101 0b003e01 10000 100 23014 2000017115 28695 29332
0b00ac01 0b006c01 10000 100 66204 2000035738 64881 65536
0b002501 0b003a01 10000 100 1202 2000272328 10409 11038
0b003201 0b000101 10000 100 3135 2000292514 12032 12661
0b00cd01 0b00b001 10000 100 236434 2000152287 207525 208248
0b00d001 0b001401 10000 100 36316 2000423908 39831 40473
0b00dc01 0b000101 10000 100 48099 2000443783 49713 50360
0b00fa01 0b009e01 10000 100 7805 2000600401 15920 16551
0b000101 0b00ab01 10000 100 6557 2000624581 14883 15514
0b00cf01 0b007901 10000 100 8334 2000630922 16381 17012
0b00ff01 0b005901 10000 100 33390 2000950265 37376 38017
0b00fe01 0b003801 10000 100 62487 2001012282 61755 62408
0b003c01 0b00a301 10000 100 66926 2001009988 65612 66113
0b009b01 0b00c801 10000 100 38986 2001205763 42043 42686
0b006501 0b003001 10000 100 42167 2001229557 47218 45384
0b002001 0b00d101 10000 100 54110 2001291133 54752 55400
0b006f01 0b004c01 10000 100 78624 2001267195 80963 75932
0b005f01 0b003601 10000 100 15041 2001384165 22013 22647
0b005101 0b00e501 10000 100 44652 2001397057 46803 47449
0b007601 0b00fc01 10000 100 47669 2001409375 49331 49978
0b003501 0b00e301 10000 100 788038 2000788790 669982 670728
0b009f01 0b006201 10000 100 905477 2000834098 768181 769172
0b00c801 0b006e01 10000 100 2861 2001757877 11775 12404
0b005e01 0b001001 10000 100 65884 2001792996 64601 65241
0b00b101 0b005301 10000 100 13745 2001867789 21924 21533
0b009701 0b000501 10000 100 166689 2001928453 149069 149764
0b008a01 0b007001 10000 100 7450 2002136908 16452 16267
0b002b01 0b00db01 10000 100 1087738 2001317204 920924 921969
0b00c101 0b00a201 10000 100 70650 2002197119 68590 69246
0b00ef01 0b001201 10000 100 40529 2002352549 43353 43997
0b002b01 0b00e501 10000 100 6609 2002437465 14925 15556
0b005c01 0b004101 10000 100 1689067 2001178338 1425041 1426149
0b003901 0b008e01 10000 100 1416112 2001323794 1308399 1197302
0b00b101 0b00c301 10000 100 125593 2002632272 114634 115312
0b007001 0b007e01 10000 100 2616 2002808422 7139 7808
0b004201 0b004601 10000 100 47609 2002817460 44843 45530
0b005401 0b007101 10000 100 721904 2002303418 614331 615248
0b00fe01 0b002f01 10000 100 13577 2003088169 31812 21399
0b007101 0b007201 10000 100 48765 2003174046 45806 46493
0b007901 0b000301 10000 100 11546 2003235089 19065 19697
0b002b01 0b005701 10000 100 24820 2003327650 30178 30816
0b00c601 0b00a901 10000 100 1458224 2002234746 1231393 1232604
0b006001 0b007a01 10000 100 60179 2003512216 59837 60485
0b003901 0b00de01 10000 100 1275805 2002398068 1190975 1079642
0b00bf01 0b00d901 10000 100 49142 2003756103 50585 51233
0b00d601 0b006f01 10000 100 3063305 2001152241 2659752 2578301
0b001101 0b001f01 10000 100 744973 2003193696 629220 630186
0b004901 0b001c01 10000 100 2361 2003815175 11980 12004
0b00bd01 0b00c601 10000 100 57125 2003868887 57405 57927
0b007501 0b004a01 10000 100 165484 2003838388 148075 148761
0b00bb01 0b002101 10000 100 76418 2003993805 73432 74091
0b007901 0b001e01 10000 100 6352 2004086660 14719 15350
0b001b01 0b002c01 10000 100 20456 2004099464 26535 27171
0b00f401 0b00ac01 10000 100 142049 2004051775 128431 129130
0b001301 0b002c01 10000 100 145019 2004125091 130935 131621
0b005301 0b003701 10000 100 4766042 2000461060 4004348 4005886
0b007601 0b002601 10000 100 52019 2004452274 53007 53650
0b009e01 0b00e301 10000 100 34801 2004519358 38663 39184
0b00ee01 0b00a701 10000 100 147073 2004449397 132640 133341
0b006c01 0b004901 10000 100 140899 2004338506 256120 128133
0b00b901 0b00a801 10000 100 3610776 2001635663 3035240 3037283
0b003001 0b003201 10000 100 4826274 2000684923 4051398 4051976
0b00a001 0b002601 10000 100 195854 2004643580 173503 174209
0b009301 0b00da01 10000 100 28638 2004800341 33384 34024
0b00ff01 0b00ef01 10000 100 3184 2004831917 13029 12700
0b00ec01 0b00b701 10000 100 2323 2004858700 11344 11973
0b001701 0b007701 10000 100 14736 2004885203 21736 22364
0b006501 0b009a01 10000 100 6141 2005042042 14551 15181
0b000401 0b003701 10000 100 23980 2005073968 29468 30105
0b006b01 0b00e901 10000 100 33100 2005069200 37144 37785
0b000101 0b006301 10000 100 5676 2005128680 14141 14771
0b007001 0b00d301 10000 100 4011 2005139976 12771 13400
0b007301 0b009301 10000 100 29356 2005125269 33997 34636
0b005701 0b009101 10000 100 31424 2005165403 35727 36368
0b008e01 0b006a01 10000 100 1359893 2004063587 1148966 1150138
0b002e01 0b007401 10000 100 26851 2005186705 57584 32517
0b000901 0b009701 10000 100 590 2005261277 9390 10510
0b008801 0b006601 10000 100 2575079 2003179579 2167458 2168981
0b007c01 0b005201 10000 100 4760 2005359947 13370 14000
0b009901 0b000901 10000 100 27183 2005412354 32182 32821
0b008b01 0b006d01 10000 100 19401 2005468018 41104 26288
0b000701 0b00f401 10000 100 367253 2005226007 334864 317933
0b003b01 0b008c01 10000 100 1437108 2004347011 1213882 1214905
0b008701 0b00f601 10000 100 73158 2005508627 70942 71368
0b00c101 0b00e701 10000 100 16356 2005675489 23103 23737
0b001f01 0b00f801 10000 100 76136 2005745237 73354 73865
0b000b01 0b001901 10000 100 31600 2005806085 35896 36508
0b007d01 0b00cc01 10000 100 1057402 2004964525 895627 896548
0b000c01 0b00ef01 10000 100 5281 2005919699 13825 14455
0b00f901 0b002501 10000 100 44494 2005862953 83567 47323
0b007001 0b003701 10000 100 573859 2005472904 490431 491128
0b00e601 0b00e301 10000 100 8567 2006051360 12127 12799
0b003f01 0b00e401 10000 100 385560 2005780629 332659 333270
0b009801 0b009301 10000 100 8213 2006243076 18705 12516
0b005801 0b004c01 10000 100 1830179 2004755247 1543199 1544453
0b005601 0b00be01 10000 100 16997 2006296569 24427 24250
0b00a301 0b00c601 10000 100 1511888 2005118638 1276546 1277571
0b004001 0b00f101 10000 100 74653 2006357792 71944 72602
0b005701 0b003601 10000 100 6178 2006421385 14580 15211
0b001f01 0b00bd01 10000 100 184847 2006278819 164329 164981
0b000201 0b003101 10000 100 58021 2006637704 58141 58682
0b00d601 0b009f01 10000 100 45475 2006660237 47500 48146
0b00ea01 0b007b01 10000 100 25119 2006709035 30455 31093
0b008601 0b00a001 10000 100 63512 2006739393 62677 63267
0b00cf01 0b004901 10000 100 9500 2006827839 25744 17984
0b006f01 0b00a601 10000 100 55030 2006781125 100849 56174
0b000301 0b009a01 10000 100 41485 2006844844 44156 44800
0b00a701 0b001a01 10000 100 1931190 2005266567 1627740 1629140
0b002901 0b004a01 10000 100 27558 2006923411 32950 33121
0b005b01 0b00d701 10000 100 1824508 2005484998 1538328 1539686
0b007001 0b00a801 10000 100 27043 2007026731 32076 32709
0b00b501 0b00da01 10000 100 31474 2007079696 35767 36408
0b004e01 0b007601 10000 100 7578 2007168080 21388 16369
0b005c01 0b006601 10000 100 55158 2007240095 55735 56276
0b00b001 0b006c01 10000 100 4457 2007367850 13025 13757
0b00f501 0b00a401 10000 100 5858531 2002474852 4918949 4921810
0b003201 0b004401 10000 100 123768 2007483398 226199 113776
0b00f401 0b001d01 10000 100 3977559 2004374523 3361743 3344802
0b00c401 0b007301 10000 100 440114 2007383583 378221 379025
0b009b01 0b001801 10000 100 59430 2007784353 59367 59848
0b00ab01 0b00fe01 10000 100 1666142 2006490493 1405631 1406926
0b007001 0b008601 10000 100 730077 2007307046 621221 622132
0b003c01 0b009501 10000 100 1524214 2006672576 1286689 1287931
0b00ee01 0b00fe01 10000 100 7887 2008070624 15985 16616
0b007a01 0b007401 10000 100 4668253 2004157272 3939463 3919492
0b000301 0b002601 10000 100 486714 2007791212 417369 418072
0b005401 0b002201 10000 100 25634 2008246293 30867 31505
0b008301 0b007701 10000 100 76078 2008271065 73347 73819
0b001001 0b00f501 10000 100 36609 2008338823 40065 40708
0b000b01 0b003201 10000 100 2376219 2006526989 2006501 2002252
0b00ba01 0b004401 10000 100 8524838 2001279554 7257020 7157230
0b009801 0b00c301 10000 100 2706591 2006234645 2381167 2279221
0b009c01 0b00f501 10000 100 38243 2008627208 41465 42092
0b003501 0b001501 10000 100 42291 2008697032 44839 45484
0b005e01 0b008901 10000 100 8936 2008758562 18215 17494
0b005a01 0b006a01 10000 100 404853 2008786220 348644 349434
0b00ac01 0b002d01 10000 100 87370 2009116837 82612 83275
0b00ce01 0b00c201 10000 100 1452346 2008010941 1222023 1223272
0b00b001 0b00e101 10000 100 1048414 2008347157 888174 889012
0b00f101 0b00ea01 10000 100 9571 2009287936 17409 18040
0b00a101 0b000101 10000 100 1746132 2007875429 1472663 1473990
0b004801 0b006d01 10000 100 36385 2009402487 40091 40528
0b009d01 0b004901 10000 100 7191111 2003308881 6161776 6039061
0b009b01 0b004201 10000 100 52641 2009428869 53499 54148
0b00a801 0b00a601 10000 100 73713 2009431804 66714 67412
0b00e701 0b006901 10000 100 2252978 2007657637 1897368 1898897
0b00b001 0b006501 10000 100 18152 2009585806 24601 25251
0b006d01 0b00a301 10000 100 30532 2009583813 34975 35616
0b00cb01 0b009201 10000 100 2051670 2007918130 1728684 1730132
0b007d01 0b002c01 10000 100 4842 2009635224 13496 14065
0b002e01 0b00a201 10000 100 78388 2009801513 75278 75744
0b004501 0b00f201 10000 100 2199363 2008222416 1852617 1853970
0b001601 0b00dd01 10000 100 14179 2010141748 23067 21919
0b002301 0b001201 10000 100 205191 2010052560 181353 182063
0b001301 0b002501 10000 100 6932497 2004485299 5856128 5822224
0b00c101 0b003c01 10000 100 2956612 2008013978 2527598 2488838
0b00dd01 0b005701 10000 100 642 2010577372 10073 10552
0b005701 0b008f01 10000 100 797752 2009943935 677953 678844
0b006201 0b002601 10000 100 1586 2010719427 10451 11345
0b006901 0b000401 10000 100 806396 2010065616 685165 686105
0b009801 0b00b701 10000 100 73467 2010713970 131994 71615
0b006401 0b00cb01 10000 100 5558 2010855782 14209 14676
0b006f01 0b00ff01 10000 100 7898750 2002306724 8636486 6632321
0b009e01 0b006501 10000 100 23712 2010932342 29253 29891
0b00ce01 0b000401 10000 100 23363 2010948414 29071 29612
0b002801 0b005e01 10000 100 6576964 2005479434 5521292 5524128
0b000c01 0b005201 10000 100 2845 2011009109 11918 12391
0b003001 0b007601 10000 100 54050 2010969769 54702 55352
0b008b01 0b002f01 10000 100 9488438 2003052288 7987903 7965128
0b00f301 0b00b701 10000 100 21195 2011056260 27166 27800
0b009a01 0b004901 10000 100 1052 2011114128 10091 10918
0b002101 0b004701 10000 100 141640 2010997535 128080 128764
0b009901 0b000a01 10000 100 69514 2011096576 67629 68299
0b007b01 0b001e01 10000 100 1304531 2010138344 1102587 1103736
0b00ef01 0b00e501 10000 100 706 2011271743 5300 6203
0b002301 0b008401 10000 100 6255 2011264633 14642 15272
0b004f01 0b00df01 10000 100 1252897 2010288801 1059695 1060432
0b00fd01 0b00c001 10000 100 29407 2011325121 58993 34677
0b006e01 0b00fb01 10000 100 6030 2011380921 15042 15092
0b00aa01 0b003701 10000 100 34029 2011377476 37925 38567
0b006c01 0b00f701 10000 100 10977802 2002306766 9327089 9213796
0b00ff01 0b006401 10000 100 41609 2011599519 44255 44900
0b005701 0b000001 10000 100 52682 2011594810 56183 54180
0b005001 0b002301 10000 100 25778 2011666930 30982 31620
0b009d01 0b00b301 10000 100 7785 2011697670 21881 16535
0b000d01 0b00b301 10000 100 853868 2011059880 731633 725888
0b007201 0b002c01 10000 100 131223 2011721965 119366 120047
0b003f01 0b00e201 10000 100 46115 2011813217 48050 48696
0b00ce01 0b008501 10000 100 534494 2011398187 481987 458139
0b00c001 0b003901 10000 100 55036 2011833489 59897 56179
0b00d101 0b005101 10000 100 25657 2011897825 30871 31524
0b00ee01 0b001701 10000 100 15761 2011979746 22589 23223
0b004501 0b006701 10000 100 1218687 2011111424 1030653 1031759
0b00bb01 0b004301 10000 100 1065420 2011273162 902401 903270
0b00eb01 0b00c501 10000 100 334851 2011963048 289983 290744
0b009a01 0b00a501 10000 100 1520197 2010972574 1284244 1284564
0b00d801 0b002101 10000 100 190253 2012189004 168832 169536
0b00ef01 0b00fd01 10000 100 25355 2012407442 41767 31282
0b008a01 0b006701 10000 100 25552 2012401913 54921 31440
0b00ff01 0b00df01 10000 100 17885 2012525893 24542 24999
0b000e01 0b009601 10000 100 27906 2012672557 56037 33400
0b00ee01 0b00ef01 10000 100 8878 2012777523 12376 13048
0b004701 0b00e201 10000 100 11560 2012899603 19076 19708
0b007101 0b008801 10000 100 6571 2012996586 14970 15525
0b00d001 0b00bf01 10000 100 19512 2013068398 25794 26377
0b001d01 0b003801 10000 100 1161234 2012214986 982826 983608
0b009001 0b00c001 10000 100 4154872 2009759922 3518501 3493449
0b000e01 0b004601 10000 100 1740187 2011514356 1774501 1469004
0b006801 0b00ec01 10000 100 108809 2013314092 100561 101232
0b00ec01 0b00b501 10000 100 48866 2013426342 50327 50974
0b00ae01 0b008401 10000 100 56382 2013438553 56643 57294
0b001f01 0b003701 10000 100 464959 2012867691 788507 399823
0b006701 0b00f501 10000 100 26679 2013634228 31940 32380
0b003701 0b003d01 10000 100 39987 2013643153 43127 39125
0b007a01 0b00eb01 10000 100 8306 2013687151 16359 16990
0b001c01 0b000f01 10000 100 128589 2013645132 117340 117824
0b00c401 0b00b001 10000 100 2894212 2011370778 2434803 2436537
0b003301 0b001b01 10000 100 1105683 2012869868 935946 937016
0b006701 0b00e501 10000 100 23965 2013784676 29766 30093
0b00c401 0b003f01 10000 100 3049 2013814894 11963 12592
0b00d401 0b009501 10000 100 1561564 2012530921 1318172 1319232
0b00a201 0b007b01 10000 100 1615571 2012514080 1363480 1364511
0b00b801 0b009201 10000 100 69108 2013855320 67318 67974
0b001d01 0b005401 10000 100 70455 2013865640 127885 69090
0b009801 0b007701 10000 100 6510728 2008412303 5624350 5468604
0b00b701 0b00ad01 10000 100 30846 2014038784 35227 35867
0b000001 0b002f01 10000 100 15377 2014070987 34373 22916
0b006f01 0b007e01 10000 100 6066276 2007174698 6972946 5095993
0b009101 0b008c01 10000 100 62601 2014040127 113764 62500
0b001d01 0b005e01 10000 100 28425 2014169406 33214 33853
0b00c701 0b003701 10000 100 2133075 2012019099 2188556 1798405
0b000001 0b00cd01 10000 100 11542390 2004521247 9697504 9687163
0b00fd01 0b00be01 10000 100 75210 2014248868 76254 73086
0b00ef01 0b00cf01 10000 100 18302 2014364704 39278 25371
0b007901 0b00f201 10000 100 58617 2014351522 107152 59159
0b00bd01 0b001601 10000 100 66758 2014365650 121301 65979
0b00ef01 0b006901 10000 100 1132121 2013531042 973486 959204
0b00c101 0b007401 10000 100 28071 2014523845 34709 33570
0b007601 0b004601 10000 100 1930280 2012691073 1917784 1628374
0b009d01 0b004c01 10000 100 1622235 2013272552 1368834 1370111
0b006a01 0b00fa01 10000 100 1505106 2013390658 1270894 1271915
0b00f101 0b008d01 10000 100 1765857 2013193300 1489414 1490500
0b004401 0b005e01 10000 100 49690 2014665883 51024 51672
0b00e001 0b004801 10000 100 8243 2014708323 17242 16940
0b003601 0b00a801 10000 100 4014212 2011388763 3393709 3375545
0b00af01 0b005401 10000 100 1981356 2013080387 1728835 1671193
0b00c101 0b005901 10000 100 24056 2014787375 32134 30204
0b00bc01 0b000801 10000 100 3860573 2009048944 5824251 3246720
0b00cc01 0b002601 10000 100 66496 2014808509 65115 65769
0b00f001 0b006e01 10000 100 9517994 2006922864 7986073 7989886
0b00cb01 0b006601 10000 100 1444336 2013692112 1219957 1220956
0b00fe01 0b00ea01 10000 100 523086 2014526544 447753 448590
0b00a001 0b008e01 10000 100 27542 2014953884 32469 33108
0b00d301 0b00e501 10000 100 21870 2014950704 47408 28340
0b002201 0b00ef01 10000 100 5681 2015043561 14635 14775
0b00bc01 0b00e901 10000 100 2503906 2011219225 3865825 2109278
0b003b01 0b00f201 10000 100 1070523 2014156309 955623 907544
0b006401 0b00b301 10000 100 2243 2015109283 11390 11909
0b005f01 0b00b801 10000 100 75704 2015115014 72999 73481
0b008501 0b00c101 10000 100 6494818 2009854173 5521076 5455262
0b005801 0b004b01 10000 100 5358 2015421976 13886 14516
0b00f801 0b006001 10000 100 623 2015442799 9520 10536
0b007a01 0b00a601 10000 100 73708 2015448941 71150 71808
0b005801 0b007d01 10000 100 26044 2015525209 52788 31872
0b000601 0b00c901 10000 100 72153 2015550531 70156 70525
0b00da01 0b00f401 10000 100 8084487 2008840934 6784543 6788053
0b009d01 0b008e01 10000 100 751525 2015013537 639377 640096
0b001f01 0b004201 10000 100 64840 2015695436 63756 64368
0b00c401 0b004a01 10000 100 43260 2015696372 82105 46297
0b00c301 0b008901 10000 100 1908077 2014171414 1608764 1609767
0b006301 0b005101 10000 100 31182 2015758015 35533 36174
0b00b101 0b001a01 10000 100 812555 2015139346 696330 691263
0b008501 0b005301 10000 100 21019 2015842999 27023 27660
0b00d501 0b004a01 10000 100 6516097 2010454902 5506374 5473130
0b006801 0b006c01 10000 100 52703 2015935473 49108 49797
0b00b101 0b009501 10000 100 101051 2015892829 99319 94757
0b001001 0b00b101 10000 100 365880 2015777461 323457 316758
0b007001 0b00aa01 10000 100 6857 2016198512 15384 15754
0b00d301 0b007701 10000 100 1250591 2014771279 1458518 1058511
0b009501 0b004a01 10000 100 73675 2016159093 71330 71781
0b006101 0b007401 10000 100 78624 2016191613 75273 75932
0b000801 0b00fd01 10000 100 5210681 2009278248 7072783 4378647
0b00e001 0b009c01 10000 100 65282 2016333221 64105 64760
0b003001 0b00ce01 10000 100 16093 2016416266 22892 23527
0b008f01 0b004101 10000 100 788141 2015782289 670255 670810
0b009a01 0b00f501 10000 100 18636 2016439727 25003 25638
0b003101 0b00be01 10000 100 21386 2016632265 28910 27953
0b005b01 0b006601 10000 100 1553142 2015422604 1311155 1312187
0b001901 0b00d101 10000 100 49099 2016666009 99973 51199
0b005a01 0b00e601 10000 100 1666924 2015491481 1406342 1407552
0b003d01 0b003601 10000 100 1866181 2015330386 1568823 1570237
0b008f01 0b007c01 10000 100 15662 2016896764 22767 23144
0b005e01 0b007201 10000 100 1363234 2015859604 1152370 1152964
0b00d501 0b00bf01 10000 100 38245 2017047349 44176 42093
0b002601 0b003201 10000 100 9056 2017116351 16997 17628
0b00f701 0b00ea01 10000 100 592842 2016645651 506229 507044
0b00e301 0b006901 10000 100 56869 2017121614 57033 57684
0b005f01 0b00b901 10000 100 1135439 2016252217 961100 961973
0b001001 0b006f01 10000 100 1919 2017387852 10983 11612
0b00d301 0b005001 10000 100 319838 2016985789 579510 278158
0b00bf01 0b001c01 10000 100 1007220 2016725892 855965 854483
0b009101 0b009301 10000 100 8657643 2010405323 7312525 7264181
0b001401 0b009001 10000 100 44350 2017744513 46562 47208
0b00b001 0b004201 10000 100 1806527 2016323133 1523269 1524610
0b004601 0b00f601 10000 100 100162 2017815584 93474 94008
0b00ec01 0b00a501 10000 100 1958614 2016316878 1650705 1652116
0b00de01 0b00d101 10000 100 2782183 2015619152 2377611 2338213
0b00fd01 0b00b601 10000 100 76736 2017996494 73892 74345
0b00d201 0b000c01 10000 100 1552749 2016764728 1310595 1311834
0b00e701 0b009f01 10000 100 29567 2018142826 34167 34805
0b008f01 0b00af01 10000 100 6037 2018255498 19176 15098
0b004b01 0b001b01 10000 100 841472 2016845035 1429712 715510
0b006b01 0b007d01 10000 100 1224073 2016447834 2060745 1036298
0b002d01 0b00b701 10000 100 2210989 2016768018 1862191 1863693
0b000b01 0b009101 10000 100 25319 2018617013 30879 31253
0b002901 0b003b01 10000 100 71507 2018607912 69320 69970
0b001001 0b00a901 10000 100 133495 2018713689 121353 121941
0b000f01 0b00c601 10000 100 2530930 2015825760 3088600 2131934
0b00aa01 0b005b01 10000 100 1863 2018922970 10938 11567
0b00c501 0b00dd01 10000 100 1181063 2017963967 1019266 1000239
0b004001 0b00dd01 10000 100 76666 2018932792 94588 74289
0b007901 0b007d01 10000 100 6318 2019121479 15546 10923
0b003401 0b003801 10000 100 30391 2019167271 30423 31103
0b00ca01 0b00f601 10000 100 8836 2019174271 28665 17414
0b004e01 0b001601 10000 100 19780516 2002585348 16648486 16594003
0b006d01 0b000801 10000 100 6850457 2009947166 9286876 5753444
0b005901 0b002e01 10000 100 1424043 2018058502 1202931 1203954
0b000801 0b006401 10000 100 2317899 2016256449 3051040 1953330
0b00b501 0b009d01 10000 100 1125216 2018484030 952343 953411
0b006a01 0b00bb01 10000 100 1062747 2018549002 899973 901016
0b00f001 0b008401 10000 100 5099381 2015172853 4282687 4285344
0b00ed01 0b004001 10000 100 4832 2019454615 13427 14057
0b008501 0b001901 10000 100 3258942 2016763258 2740613 2742299
0b006401 0b00b101 10000 100 3981739 2016200517 3455656 3348300
0b008401 0b005e01 10000 100 77321 2019592568 74547 74852
0b009201 0b00bc01 10000 100 58109 2019603581 109345 58752
0b005001 0b005a01 10000 100 32677 2019727496 32327 33008
0b007c01 0b002901 10000 100 182758 2019624159 162540 163233
0b00d801 0b00f701 10000 100 7656 2019907664 16142 16432
0b001a01 0b008101 10000 100 20956 2019910005 26683 27571
0b003a01 0b00dc01 10000 100 3876964 2016570541 3449210 3260448
0b00da01 0b008d01 10000 100 2001941 2018338830 1687398 1688429
0b004801 0b007d01 10000 100 8899112 2011561651 8520273 7471049
0b00cf01 0b006201 10000 100 119695 2019973246 109791 110364
0b001e01 0b00fc01 10000 100 7711753 2013663596 6472301 6475543
0b005c01 0b00c601 10000 100 2620197 2016988496 3163675 2206804
0b00c901 0b007e01 10000 100 2728518 2017962922 2295888 2297608
0b00b701 0b007301 10000 100 28977 2020240849 36944 34295
0b00d201 0b00dc01 10000 100 9918 2020409509 21002 13918
0b009e01 0b001501 10000 100 68236 2020447073 70943 67238
0b007c01 0b007201 10000 100 78113 2020548622 70424 71124
0b004801 0b009a01 10000 100 17696 2020585522 37803 24848
0b007901 0b004d01 10000 100 25883 2020718167 31074 31704
0b00a801 0b005701 10000 100 7605934 2014380474 6406981 6386817
0b00c601 0b00da01 10000 100 182305 2020648593 162170 162871
0b00a001 0b003901 10000 100 39526 2020786821 42499 43156
0b008801 0b00bb01 10000 100 44181 2020812289 46427 47072
0b00de01 0b00ca01 10000 100 1542520 2018634121 2275363 1303267
0b00e201 0b00ac01 10000 100 58076 2020906928 58075 58726
0b005c01 0b009d01 10000 100 21371 2020994185 27480 27941
0b000101 0b002201 10000 100 5860554 2016094702 5005502 4923505
0b00d901 0b009e01 10000 100 48298 2021010104 90524 50520
0b00be01 0b00f001 10000 100 19980 2021125957 42823 26752
0b008f01 0b001101 10000 100 20348 2021442433 26448 27084
0b00a701 0b00b601 10000 100 56689 2021451427 56889 57540
0b008701 0b00f201 10000 100 241618 2021317996 212070 212587
0b001e01 0b00a601 10000 100 1396066 2020307201 1227063 1180497
0b00d301 0b004c01 10000 100 4876303 2015578972 6274046 4098319
0b003e01 0b00fb01 10000 100 42666 2021793197 80992 45784
0b00e301 0b00da01 10000 100 9773 2021885253 17570 18202
0b00dc01 0b005401 10000 100 38408 2021867412 41580 42224
0b008d01 0b00d101 10000 100 2788 2021976414 11831 12345
0b00c801 0b00cd01 10000 100 8293584 2015060796 6954971 6958956
0b009501 0b00e301 10000 100 49866 2021966352 51293 51812
0b002c01 0b00b101 10000 100 8211 2022100421 16283 16914
0b00f601 0b00be01 10000 100 42612 2022108194 47333 45740
0b009a01 0b004f01 10000 100 65320 2022247505 67034 64790
0b008201 0b001c01 10000 100 494920 2021923274 446883 424944
0b003001 0b009301 10000 100 63043 2022353277 62583 62892
0b00ff01 0b000c01 10000 100 2197080 2020781973 1850739 1852067
0b006e01 0b007301 10000 100 142789 2022632961 129045 129722
0b00f801 0b00c701 10000 100 32011 2023161089 36235 36876
0b006401 0b005901 10000 100 33470 2023209959 37599 38081
0b005601 0b000801 10000 100 2664231 2016667876 6706612 2243720
0b00a601 0b00b701 10000 100 293479 2022881013 510907 256072
0b001f01 0b00f201 10000 100 2590 2023393560 11794 12187
0b001c01 0b00fa01 10000 100 5519097 2018797866 4666477 4637245
0b007401 0b00fd01 10000 100 1246098 2022371800 1112009 1054763
0b00a601 0b00ca01 10000 100 3896191 2018932282 4571496 3276597
0b000e01 0b001d01 10000 100 36587 2023463222 42124 40690
0b001701 0b00e001 10000 100 3464 2023548716 12415 12924
0b00f201 0b00a301 10000 100 22845 2023506096 70118 29159
0b000701 0b001501 10000 100 20566 2023545577 45353 27259
0b000801 0b000201 10000 100 4534 2023617302 8749 9419
0b00db01 0b00d301 10000 100 15151470 2010376405 13267142 12708612
0b001b01 0b00dd01 10000 100 21581 2023631178 27963 28109
0b00dc01 0b009501 10000 100 3415 2023649381 14586 12885
0b00d201 0b009e01 10000 100 4399055 2019956431 3747945 3698204
0b00aa01 0b00cb01 10000 100 66371 2023780735 65015 65669
0b00f801 0b002a01 10000 100 5516 2023948901 18703 14643
0b001a01 0b007c01 10000 100 15173 2024056331 22447 22752
0b00bc01 0b009a01 10000 100 8000017 2016910436 7180510 6717252
0b000401 0b00ba01 10000 100 41704 2024046301 46448 44976
0b00eb01 0b001f01 10000 100 3737317 2020953827 3141579 3143392
0b006301 0b00bb01 10000 100 91932 2023957393 162814 87078
0b008301 0b000a01 10000 100 41607 2024101343 47002 44898
0b008d01 0b00f101 10000 100 75939 2024086996 73195 73669
0b005201 0b00ad01 10000 100 6581730 2018638902 5525081 5528132
0b00ba01 0b002701 10000 100 970798 2023384398 826041 823924
0b002c01 0b006e01 10000 100 23804 2024194545 29313 29964
0b00c801 0b001a01 10000 100 27164 2024334832 32167 32806
0b002001 0b009a01 10000 100 21687 2024507913 27557 28194
0b006701 0b00b101 10000 100 168382 2024390212 150499 151195
0b005301 0b00ea01 10000 100 4100474 2021136558 3446016 3447857
0b006401 0b00cf01 10000 100 39935 2024586992 43785 43484
0b006f01 0b002a01 10000 100 4287489 2021039489 3606948 3604650
0b001e01 0b005a01 10000 100 4848 2024696806 13523 14070
0b007a01 0b008c01 10000 100 106243 2024628391 98440 99103
0b001d01 0b000101 10000 100 6117887 2019560687 5220374 5139240
0b002001 0b00ce01 10000 100 90343 2024721844 85104 85768
0b006301 0b005e01 10000 100 3803962 2021715969 3274328 3199243
0b002101 0b00f601 10000 100 63781 2024953818 62829 63482
0b005101 0b00a101 10000 100 62553 2025099831 61890 62461
0b006b01 0b003401 10000 100 141259 2025042167 127775 128460
0b00e701 0b007701 10000 100 664660 2024657603 566572 567264
0b008e01 0b006901 10000 100 56544 2025193604 56902 57424
0b001401 0b00f401 10000 100 1753920 2023771688 1479160 1480489
0b006a01 0b005701 10000 100 11286 2025387262 18895 19489
0b00be01 0b008a01 10000 100 28872663 2000076958 25356503 24216853
0b007d01 0b00a801 10000 100 40435 2025393679 43278 43922
0b00df01 0b00e101 10000 100 21871 2025508090 28018 28341
0b009801 0b00fe01 10000 100 21948 2025551314 28753 28403
0b008201 0b009801 10000 100 38436 2025539386 42629 42246
0b00fd01 0b009901 10000 100 77576 2025454246 138981 75056
0b00ba01 0b008701 10000 100 230905 2025450101 202874 203594
0b00e401 0b009c01 10000 100 1155465 2024682716 977880 978762
0b00a901 0b004c01 10000 100 6964 2025705107 15209 15840
0b00af01 0b005601 10000 100 66296 2025732670 128233 65609
0b007f01 0b00b501 10000 100 23531 2025819174 52699 29746
0b00dc01 0b00ee01 10000 100 3627199 2022763295 3162120 3051074
0b003d01 0b005d01 10000 100 4110499 2022327329 3633930 3456261
0b001b01 0b00e101 10000 100 48942 2025927671 51263 51035
0b00af01 0b007601 10000 100 1606922 2024633681 1494539 1357246
0b001a01 0b00bc01 10000 100 6528 2026242981 20447 15491
0b005401 0b007001 10000 100 16010 2026282350 22827 23460
0b003c01 0b002501 10000 100 5395 2026299820 18203 14546
0b00f301 0b002e01 10000 100 49247 2026558704 50775 51317
0b007101 0b002901 10000 100 1393540 2025440516 1177347 1178361
0b006401 0b006e01 10000 100 50640 2026646039 47382 48070
0b007c01 0b008d01 10000 100 5687 2026763081 17171 14780
0b00d101 0b00ea01 10000 100 33775 2026846041 55290 38325
0b000901 0b008501 10000 100 9827 2026965944 32612 18245
0b00ed01 0b008301 10000 100 76695 2026908066 138603 74312
0b004f01 0b008301 10000 100 4710369 2023063447 4022941 3959197
0b003d01 0b000b01 10000 100 35016 2027073242 38753 39395
0b004901 0b001a01 10000 100 5439 2027146065 13962 14581
0b007d01 0b00ef01 10000 100 455369 2026752861 412556 391805
0b008801 0b001901 10000 100 75300 2027093921 76794 73158
0b00bf01 0b001c01 10001 100 257564 2026993667 225402 225958
0b001001 0b005a01 10000 100 977717 2026338780 901023 829728
0b00b801 0b007f01 10000 100 3235253 2021937741 5310294 2722464
0b003d01 0b006801 10000 100 21107 2027273278 44486 27730
0b00ee01 0b00f801 10000 100 4116513 2023826346 3580730 3461303
0b00a001 0b00d801 10000 100 148244 2027315944 133629 134316
0b00fc01 0b004401 10000 100 79590 2027376401 80785 76744
0b00a901 0b006201 10000 100 927972 2026671020 787030 788012
0b00b001 0b005701 10000 100 829929 2026895431 705363 705815
0b00dd01 0b001f01 10000 100 63928 2027589893 62946 63600
0b006c01 0b00ea01 10000 100 1078623 2025931540 1816496 914332
0b000901 0b001b01 10000 100 6910543 2016531973 11264879 5803816
0b000b01 0b00c101 10000 100 4625 2027800179 12996 13892
0b002e01 0b00cb01 10000 100 41505 2027809143 44172 44816
0b006c01 0b005501 10000 100 2666953 2024777865 3148180 2245975
0b008201 0b00bd01 10000 100 8931 2027948819 24725 17490
0b004e01 0b000901 10000 100 164384 2027836757 155303 147843
0b00ad01 0b006b01 10000 100 734319 2027368413 624757 625679
0b002e01 0b006a01 10000 100 3461 2028013431 12293 12922
0b00a701 0b00d801 10000 100 118779 2027984002 109093 109592
0b009301 0b00e701 10000 100 48881 2028048379 50339 50986
0b000201 0b00a501 10000 100 20561 2028085482 26619 27255
0b002c01 0b009501 10000 100 7420 2028106798 15782 16243
0b001201 0b004401 10000 100 109018 2028022770 100801 101438
0b008201 0b00b601 10000 100 676940 2027604294 584303 577548
0b00cd01 0b004501 10000 100 629400 2027661029 536841 537712
0b00bb01 0b00fc01 10000 100 1749750 2026720786 1479432 1477000
0b007301 0b008c01 10000 100 36431 2028174486 70748 40565
0b002101 0b002701 10000 100 1769362 2026857598 1487681 1489057
0b003c01 0b003301 10000 100 185437 2028051812 315319 161092
0b003c01 0b006801 10000 100 7059637 2022297517 6102706 5928813
0b00c401 0b00e401 10000 100 964626 2027728374 817743 818756
0b00d901 0b007e01 10000 100 1968739 2026909122 1659185 1660600
0b002801 0b005601 10000 100 797066 2027866345 715422 678296
0b001c01 0b00d801 10000 100 30183 2028559367 34886 35336
0b00a401 0b00e501 10000 100 25668 2028700511 30894 31532
0b009701 0b00a701 10000 100 2233 2028789595 11300 11901
0b007b01 0b006401 10000 100 50738 2028798183 51900 52548
0b00a701 0b00f901 10000 100 34056 2028894166 37933 38588
0b001901 0b001501 10000 100 7514090 2022628780 6319025 6305448
0b003501 0b00c501 10000 100 10075 2028937700 18273 18482
0b005d01 0b006701 10000 100 177460 2028660563 305978 158803
0b007c01 0b00a301 10000 100 3470226 2023144679 5843558 2919467
0b00ef01 0b000601 10000 100 306798 2028473040 523278 267227
0b005d01 0b00b701 10000 100 10049124 2019998814 9002689 8435219
0b000c01 0b003301 10000 100 658125 2028461570 561014 561805
0b00fd01 0b00f701 10000 100 51668 2028948451 91197 48931
0b003401 0b003c01 10000 100 48716 2029026883 45767 46454
0b003901 0b006d01 10000 100 17119 2029054295 23751 24386
0b006701 0b008c01 10000 100 1269835 2028047767 1112495 1074636
0b008401 0b00af01 10000 100 34031 2029133692 66625 38568
0b00c501 0b00c101 10000 100 55 2029466865 4258 5682
0b005501 0b003a01 10000 100 185875 2029259570 320749 165842
0b00f101 0b007a01 10000 100 333770 2029382785 289114 289841
0b006a01 0b00b201 10000 100 586005 2029237216 500487 501344
0b000401 0b008801 10000 100 19148 2029719413 25545 26086
0b004101 0b000901 10000 100 8011 2029729875 16542 16754
0b000301 0b00ee01 10000 100 2781691 2027505788 2340627 2342181
0b000b01 0b003401 10000 100 7385 2029887995 15774 16215
0b006101 0b008401 10000 100 812161 2029228119 689995 690948
0b00fd01 0b003501 10000 100 11818596 2019911148 10084023 9918726
0b00cf01 0b00a301 10000 100 5857735 2022169182 7845393 4921135
0b004501 0b007601 10000 100 20639 2030206890 26770 27317
0b001301 0b000d01 10000 100 8703246 2022919406 7349575 7306830
0b006a01 0b00b901 10000 100 10425 2030348052 18220 18762
0b00cf01 0b003f01 10000 100 14613 2030367529 21826 22266
0b00f301 0b002601 10000 100 963555 2029577231 816848 817861
0b00a001 0b003601 10000 100 21379 2030424961 28251 27948
0b004901 0b006b01 10000 100 5351 2030541362 13867 14511
0b00c101 0b00e201 10000 100 35653 2030577511 39262 39904
0b006001 0b00fa01 10000 100 23171 2030648969 31619 29458
0b00d301 0b000601 10000 100 20288 2030719563 26400 27036
0b00ab01 0b005b01 10000 100 1203 2030782725 10410 11039
0b00d201 0b00c901 10000 100 20712 2030767613 26881 27376
0b004e01 0b009401 10000 100 69434 2030795523 67579 68235
0b009201 0b000801 10000 100 1917 2030999124 11017 11610
0b00e401 0b001201 10000 100 2509098 2029027029 2112239 2113662
0b009001 0b002601 10000 100 853157 2030435633 724349 725319
0b000a01 0b009201 10000 100 47263 2031112148 49006 49653
0b007e01 0b006b01 10000 100 4554 2031260463 13205 13835
0b00dd01 0b00cf01 10000 100 125594 2031175956 114839 115313
0b003801 0b00e801 10000 100 25733 2031278733 30946 31584
0b00fa01 0b00b201 10000 100 79748 2031268165 76210 76870
0b00b401 0b003d01 10000 100 17138 2031342181 23766 24401
0b005001 0b002601 10000 100 3780 2031465299 12548 13177
0b000e01 0b00f501 10000 100 28840 2031519938 33546 34185
0b00d401 0b00fb01 10000 100 16447373 2017594535 13988249 13799501
0b009f01 0b002601 10000 100 21759 2031703923 27615 28252
0b006601 0b009f01 10000 100 1866 2031744198 11941 11569
0b006a01 0b00e701 10000 100 43465 2031792714 46005 46461
0b009601 0b003501 10000 100 37618 2031804591 40910 41553
0b008601 0b003701 10000 100 2117 2031924961 11179 11808
0b00bc01 0b00e201 10000 100 27736 2031916980 59426 33264
0b003f01 0b006201 10000 100 15915 2031957766 22712 23346
0b008801 0b000501 10000 100 598510 2031565897 510942 511809
0b002101 0b006001 10000 100 510404 2031429238 865625 437945
0b000901 0b006001 10000 100 11225177 2017137734 15182513 9421220
0b007701 0b003c01 10000 100 25716 2032289823 30919 31571
0b00c301 0b009501 10000 100 1204377 2031331268 1018712 1019773
0b006101 0b008301 10000 100 399315 2032045516 344091 344812
0b00db01 0b00c601 10000 100 3592014 2029388233 3106599 3021582
0b00cc01 0b00f601 10000 100 745707 2031869454 634411 635212
0b006701 0b007f01 10000 100 238521 2031947072 620204 209994
0b005801 0b004401 10000 100 1230873 2031537585 1040986 1041968
0b002e01 0b008c01 10000 100 5793 2032596434 14614 14864
0b00bd01 0b001001 10000 100 9842607 2024356775 8303933 8262056
0b006701 0b007d01 10000 100 260575 2032168775 567038 228482
0b008a01 0b001c01 10000 100 448 2032744064 9106 10396
0b000d01 0b001d01 10000 100 54178 2032702650 99707 55454
0b005601 0b007501 10000 100 8753425 2015939470 16952961 7348893
0b00ee01 0b009801 10000 100 21901 2032892761 27729 28365
0b00a201 0b00d201 10000 100 8900 2032973139 16900 17465
0b005b01 0b000a01 10000 100 2506 2032985920 11491 12120
0b001d01 0b000101 10001 100 21609 2032995381 27593 28132
0b001801 0b003f01 10000 100 614408 2032000501 1038262 525142
0b006701 0b004501 10000 100 1072750 2031740323 1326623 909403
0b005201 0b003601 10000 100 73535 2033103499 74396 71669
0b008301 0b002601 10000 100 28362 2033181213 34432 33803
0b004701 0b00b901 10000 100 49924 2033191394 54108 51859
0b002a01 0b005e01 10000 100 15036 2033267169 23101 22643
0b008a01 0b007f01 10000 100 29769753 2002230873 31067779 24968970
0b00a601 0b005d01 10000 100 4893988 2029230172 4110534 4113120
0b002f01 0b001101 10000 100 6862948 2027586361 5760733 5763897
0b008701 0b00b101 10000 100 76783 2033336892 141162 74383
0b00b201 0b00ae01 10000 100 151685 2033343080 136694 137184
0b001101 0b00f101 10000 100 2016 2033605019 11256 11728
0b000801 0b006501 10000 100 74201 2033602115 71583 72240
0b007601 0b00b001 10000 100 55186 2033646034 55649 56299
0b00f701 0b00cc01 10000 100 52971 2033667447 53763 54412
0b003601 0b007101 10000 100 4957942 2029597127 4169479 4166740
0b007d01 0b004701 10000 100 4951827 2029609659 4173626 4161618
0b000d01 0b00cb01 10000 100 1791618 2032234539 1556245 1512107
0b005701 0b007801 10000 100 47981 2033901261 89420 50228
0b004001 0b005c01 10000 100 1649796 2032628501 1392305 1393196
0b00f001 0b00eb01 10000 100 2476598 2031949358 2084938 2086395
0b001901 0b00e101 10000 100 3144621 2031332353 2761347 2646464
0b003401 0b00fe01 10000 100 59886 2034253355 59561 60212
0b008001 0b008c01 10000 100 117425 2034209371 108516 104071
0b008c01 0b000301 10000 100 2565381 2032150663 2178244 2160839
0b00d801 0b00ae01 10000 100 41771 2034344119 44385 45029
0b004e01 0b00fc01 10000 100 62588 2034262796 128977 62489
0b00d601 0b004601 10000 100 6983 2034435559 15401 15855
0b005601 0b00db01 10000 100 16820430 2010449819 24004209 14112270
0b00c201 0b00bd01 10000 100 1578216 2033126384 1332126 1333206
0b006701 0b002701 10000 100 7877 2034573305 16505 16608
0b00fb01 0b00fc01 10000 100 6959436 2028561703 6049695 5840412
0b005001 0b004e01 10000 100 1561778 2033334175 1321316 1319403
0b006f01 0b00b101 10000 100 194428 2034325093 341996 173030
0b00d201 0b001701 10000 100 50520 2034631663 54514 52374
0b005701 0b00dd01 10000 100 996171 2033532179 1169324 845221
0b004601 0b00b101 10000 100 8441 2034753139 29885 17098
0b005c01 0b00be01 10000 100 85992 2034765243 85379 82096
0b008201 0b005f01 10000 100 44622 2034849036 46779 47425
0b003601 0b001501 10000 100 170183 2034752108 152056 152712
0b00e301 0b007601 10000 100 4911 2034959807 13491 14120
0b000401 0b00d501 10000 100 187339 2034812896 166599 167090
0b008c01 0b004801 10000 100 227259 2034910356 201367 200562
0b002601 0b000901 10000 100 1824668 2032888772 2223456 1539814
0b001e01 0b000901 10000 100 907618 2033736885 1452969 770961
0b006601 0b00b101 10000 100 9746184 2026670097 8580745 8181232
0b009c01 0b000a01 10000 100 166674 2035163117 161030 149752
0b00f401 0b002001 10000 100 1828047 2033925566 1541336 1542671
0b006f01 0b008001 10000 100 344780 2035156143 324870 299072
0b00ff01 0b00b801 10000 100 53019 2035486624 53866 54488
0b00c301 0b006501 10000 100 37981 2035507745 42908 41844
0b00f201 0b001b01 10000 100 611160 2034652700 1034061 522428
0b00b401 0b006f01 10000 100 2040556 2033964807 1746227 1720819
0b006d01 0b002901 10000 100 45894 2035698169 49988 48481
0b003501 0b001701 10000 100 54771 2035743638 58062 55928
0b005401 0b007201 10000 100 18227 2035821670 25819 25311
0b006601 0b002601 10000 100 4645 2035843907 14395 13908
0b006001 0b00a701 10000 100 923589 2035149736 783362 784352
0b00b501 0b00e501 10000 100 1952583 2033023811 2947075 1647061
0b00e701 0b00ca01 10000 100 57247 2036004413 57552 58024
0b002001 0b00e301 10000 100 1415 2036076352 10775 11208
0b00d401 0b00df01 10000 100 2566 2036092146 7099 7768
0b002d01 0b00aa01 10000 100 8360 2036121243 16697 17033
0b001401 0b008c01 10000 100 27091 2036096888 58351 32748
0b00d701 0b000001 10000 100 76184 2036077287 78739 73904
0b000101 0b004b01 10000 100 29103 2036136028 36056 34434
0b00ee01 0b000001 10000 100 70615 2036189476 68562 69218
0b00f101 0b006201 10000 100 29578 2036333341 34174 34814
0b00f301 0b00bb01 10000 100 97150 2036192857 178000 91483
0b003201 0b001901 10000 100 5163403 2031961830 4449226 4339020
0b00ae01 0b00c301 10000 100 394795 2036088762 340218 341004
0b001001 0b005801 10000 100 1335981 2035350868 1128928 1130087
0b004b01 0b008c01 10000 100 855450 2035049977 1443750 727230
0b005a01 0b00be01 10000 100 49857 2036481068 108590 51805
0b001b01 0b008901 10000 100 2409967 2034545764 2060686 2030517
0b00f201 0b004501 10000 100 103404 2036480006 181898 96716
0b003701 0b008f01 10000 100 1795971 2035132669 1586994 1515743
0b003901 0b006001 10000 100 8074 2036763773 16625 16804
0b00a601 0b002201 10000 100 975241 2036002733 826861 827671
0b00af01 0b00dd01 10000 100 2825027 2034102784 2764441 2378540
0b00f801 0b002e01 10000 100 1891 2036881344 11158 11589
0b009701 0b002a01 10000 100 5456003 2032334808 4582299 4584351
0b004501 0b007e01 10000 100 29108 2037093183 33798 34438
0b000c01 0b004f01 10000 100 58909 2037146503 58741 59392
0b005e01 0b00c101 10000 100 433175 2036860036 372457 373205
0b007201 0b005001 10000 100 20992 2037248223 26963 27600
0b005f01 0b002501 10000 100 1074083 2036372876 955595 910546
0b007f01 0b008801 10000 100 64017 2037221573 119574 63709
0b007f01 0b002401 10000 100 3595892 2034227505 3160552 3024800
0b005401 0b000a01 10000 100 211503 2037304751 197569 187343
0b006701 0b007501 10000 100 1140 2037541696 10360 10988
0b00a701 0b00c301 10000 100 2007 2037575651 11095 11720
0b004101 0b009c01 10000 100 8052939 2030824329 6765647 6761586
0b002b01 0b008b01 10000 100 25795 2037605568 31192 31634
0b00fb01 0b00fd01 10000 100 66494 2037602311 60673 61368
0b00ca01 0b00c801 10000 100 1192017 2036665843 1003879 1005024
0b006e01 0b00f301 10000 100 2628434 2035465878 2216760 2213700
0b006b01 0b00de01 10000 100 1456080 2036466561 1229792 1230812
0b003c01 0b009401 10000 100 710630 2037062303 639944 605806
0b00be01 0b003701 10000 100 3089106 2034453014 3290958 2599940
0b005401 0b00a401 10000 100 6710 2037762573 15762 15636
0b008401 0b00cf01 10000 100 108358 2037632887 190653 100872
0b004601 0b00bf01 10000 100 679197 2036716235 1153267 579469
0b00ea01 0b00bf01 10000 100 59072 2037783677 92624 59561
0b000b01 0b002701 10000 100 30881 2037963318 35255 35895
0b001801 0b003a01 10000 100 25737112 2015525602 22495098 21588028
0b00a401 0b001101 10000 100 4790733 2034014308 4024670 4026560
0b005c01 0b00ff01 10000 100 67739 2037987404 66147 66802
0b002c01 0b008301 10000 100 49882 2038007320 54055 51825
0b003e01 0b00ac01 10000 100 41064 2038033200 45544 44464
0b004e01 0b00fa01 10000 100 44728 2038102444 46864 47510
0b00b401 0b00be01 10000 100 2601989 2035886812 2295005 2187108
0b006001 0b00ab01 10000 100 6296 2038201852 14675 15305
0b003101 0b00b401 10000 100 64529 2038285892 63648 64119
0b00e901 0b00d001 10000 100 1913547 2036162078 2195644 1614335
0b00ac01 0b002c01 10000 100 6760447 2032822515 5680113 5677980
0b004f01 0b001301 10000 100 748 2038500189 21978 10636
0b00fe01 0b00ae01 10000 100 25072 2038517027 30696 31056
0b001401 0b005401 10000 100 3110410 2035801961 2789438 2617790
0b008501 0b00bb01 10000 100 9752877 2030596199 8277073 8186816
0b002a01 0b001f01 10000 100 43179 2038832681 45757 46232
0b00aa01 0b00c401 10000 100 31570 2038892285 38042 36484
0b00ea01 0b00cc01 10000 100 9012 2039069437 16964 17593
0b00a201 0b006e01 10000 100 50203 2039074470 51472 52120
0b000501 0b005501 10000 100 122637 2039024201 112229 112832
0b001f01 0b003801 10000 100 4343 2039197033 13036 13666
0b006e01 0b004701 10000 100 70599 2039142642 68549 69205
0b001701 0b005301 10000 100 8129864 2032454065 6829748 6826083
0b002901 0b00a101 10000 100 6114680 2034188821 5137174 5136560
0b007901 0b008501 10000 100 707290 2038724928 609440 603019
0b001201 0b004201 10000 100 61985 2039279678 61316 61968
0b003f01 0b006601 10000 100 515759 2038435069 908592 442421
0b003a01 0b005201 10000 100 3030768 2036777552 2616040 2551004
0b00f701 0b002601 10000 100 5560 2039392724 18422 14678
0b00ef01 0b00bc01 10000 100 27874063 2014896599 24532114 23379650
0b002501 0b00cd01 10000 100 5043 2039460226 17424 14264
0b009101 0b00b701 10000 100 33567 2039451137 37517 38159
0b00e801 0b004901 10000 100 6195 2039490353 14594 15224
0b000a01 0b006601 10000 100 5847112 2034085141 5443912 4912252
0b009701 0b008901 10000 100 1709 2039521603 10815 11444
0b002101 0b003c01 10000 100 5723035 2034701035 4838938 4808229
0b003d01 0b004701 10000 100 160346 2039475074 143776 144459
0b001701 0b00ee01 10000 100 112977 2039527935 104047 104720
0b00e901 0b00f101 10000 100 2229146 2037182302 2500507 1878948
0b008201 0b008801 10000 100 58961 2039740875 54343 55034
0b006601 0b003501 10000 100 1101867 2038416304 1401487 933810
0b002401 0b000001 10000 100 9822 2039797727 25337 18241
0b00f001 0b00a101 10000 100 12237 2039840465 19711 20288
0b008401 0b00c001 10000 100 9193240 2032073476 7804169 7717641
0b002c01 0b000001 10000 100 1390519 2038818291 1182882 1175829
0b008801 0b009101 10000 100 5441 2040077800 13953 14583
0b00bc01 0b007f01 10000 100 6308940 2028952431 11239754 5299417
0b00a501 0b005f01 10000 100 42304 2040146274 47286 45494
0b005801 0b009101 10000 100 7872 2040184620 15973 16604
0b009a01 0b003a01 10000 100 7093 2040197481 15336 15981
0b001d01 0b004801 10000 100 48148 2040215621 49752 50400
0b00f501 0b00a301 10000 100 108529 2040110857 202602 101008
0b006701 0b006901 10000 100 78380 2040244445 75623 71337
0b00e201 0b00f701 10000 100 58304 2040355721 61493 58908
0b007601 0b00ea01 10000 100 62293 2040376058 61720 62253
0b009701 0b00e401 10000 100 159669 2040336583 143187 143879
0b008e01 0b006201 10000 100 72745 2040484049 70328 70999
0b00c401 0b00a301 10000 100 7766280 2033919667 6740235 6521276
0b00b501 0b003001 10000 100 1837069 2039158046 1548874 1550234
0b00c701 0b00f401 10000 100 38386 2040707520 41633 42206
0b00f201 0b006301 10000 100 202757 2040491872 348723 180000
0b004901 0b002001 10000 100 122967 2040794210 112419 113096
0b001901 0b00b701 10000 100 40215 2040883947 43102 43746
0b00a801 0b007a01 10000 100 3567 2040954823 12377 13007
0b00aa01 0b00f901 10000 100 57559 2040957971 115819 58274
0b003a01 0b009701 10000 100 3941 2041098306 12826 13306
0b00dc01 0b002101 10000 100 141256 2041013099 138556 128457
0b001101 0b00f201 10000 100 7776 2041168535 16153 16528
0b00b101 0b00ff01 10000 100 94635 2041075994 167138 89356
0b00bb01 0b00e801 10000 100 9576 2041226768 17413 18044
0b00a701 0b005001 10000 100 3853 2041243779 15554 13236
0b003401 0b002201 10000 100 104811 2041303266 184772 97880
0b00ec01 0b005201 10000 100 60678 2041540973 60232 60884
0b00f201 0b00d701 10000 100 8320201 2033984746 7759362 6985687
0b003701 0b00a401 10000 100 19250 2041744972 25538 26168
0b00b501 0b00fc01 10000 100 1078112 2040849539 938081 913923
0b004f01 0b002301 10000 100 7407 2041815947 15601 16232
0b001501 0b006d01 10000 100 22262 2041831846 28111 28692
0b00c901 0b006901 10000 100 184050 2041706562 163642 164344
0b003901 0b00b501 10000 100 606452 2040895844 1025294 518470
0b009601 0b004101 10000 100 13295 2042000992 20684 21173
0b005b01 0b00d001 10000 100 39009 2042012762 42497 42743
0b004b01 0b00af01 10000 100 28386491 2016719371 25387387 23809253
0b00df01 0b007901 10000 100 181707 2042030031 161653 162354
0b009201 0b00e501 10000 100 521265 2041286674 930610 447056
0b00bf01 0b001c01 10002 100 80285 2042194612 76811 77338
0b00f801 0b008101 10000 100 464044 2041955381 398277 399091
0b002a01 0b003701 10000 100 5362 2042351318 13889 14520
0b001701 0b00af01 10000 100 39116 2042513479 42185 42828
0b00c401 0b00b001 10001 100 31239 2042544975 35579 36220
0b008101 0b00ac01 10000 100 470 2042593806 9150 10414
0b007601 0b00dd01 10000 100 102231 2042556349 95071 95740
0b00df01 0b00f701 10000 100 59092 2042599780 61651 59577
0b003e01 0b00ed01 10000 100 6752 2042692837 15148 15670
0b003901 0b009501 10000 100 34565 2042702042 76241 38996
0b00f101 0b00d701 10000 100 649563 2041719120 1097886 554610
0b005d01 0b006501 10000 100 2189018 2040888231 1941249 1845310
0b00e101 0b00e601 10000 100 35996 2042855637 37369 35779
0b003901 0b001e01 10000 100 22159 2042915450 55760 28610
0b002601 0b005201 10000 100 1263811 2041928626 1068651 1069586
0b006101 0b006b01 10000 100 613353 2042648892 518946 519860
0b00b101 0b001301 10000 100 7678543 2030273021 13114208 6447708
0b006a01 0b00aa01 10000 100 9653 2043390744 30861 18106
0b007a01 0b000a01 10000 100 89138 2043324083 158967 84766
0b00a401 0b004e01 10000 100 4916 2043514012 13551 14124
0b009401 0b00c701 10000 100 330066 2043273054 286003 286763
0b00aa01 0b001b01 10000 100 2066908 2040642987 2985555 1742899
0b004601 0b001301 10000 100 9291621 2029431919 14275123 7800109
0b00f101 0b000a01 10000 100 4928992 2038937384 4800411 4142467
0b00a501 0b000e01 10000 100 186875 2043581338 165987 166680
0b003601 0b000301 10000 100 172475 2043681005 153948 154623
0b002301 0b004801 10000 100 42107 2043806800 44691 45336
0b001501 0b004401 10000 100 524959 2043523711 449373 450127
0b003f01 0b00ff01 10000 100 701330 2042808133 1184639 598020
0b007401 0b001e01 10000 100 3615 2043986138 15504 13045
0b007101 0b008d01 10000 100 3638640 2040943053 3058646 3060649
0b005301 0b005601 10000 100 1797729 2042502441 1511439 1512826
0b00c501 0b009501 10000 100 31506 2044121451 59775 36433
0b00b001 0b001a01 10000 100 9461 2044192985 18321 17952
0b006901 0b004101 10000 100 7412 2044232694 15605 16236
0b000501 0b00f701 10000 100 34840 2044275848 40125 39216
0b000c01 0b008f01 10000 100 2184619 2042422467 1930703 1841599
0b008f01 0b008001 10000 100 1957352 2042638279 1736115 1646668
0b002901 0b009201 10000 100 3942101 2040499281 3883022 3315092
0b006501 0b009501 10000 100 12321008 2033794728 10597338 10339971
0b00f301 0b001e01 10000 100 8184721 2037748187 6890147 6872080
0b00e501 0b006601 10000 100 55545 2044551468 108599 56586
0b00d601 0b007601 10000 100 913258 2044005110 774710 775704
0b003801 0b000501 10000 100 41885 2044745724 44818 45120
0b00b401 0b001b01 10000 100 9938 2044772916 17889 18334
0b00aa01 0b000f01 10000 100 1557384 2042364202 2579237 1315734
0b00bb01 0b004801 10000 100 1806 2044935834 12023 11521
0b00bb01 0b002001 10000 100 2236286 2043108442 1910810 1884929
0b005e01 0b004a01 10000 100 3536 2045049528 12353 12982
0b008e01 0b002c01 10000 100 778521 2044455334 661791 662730
0b00a201 0b006c01 10000 100 3650 2045152708 12624 13073
0b001401 0b005501 10000 100 4454 2045279846 13943 13755
0b007001 0b009d01 10000 100 12170 2045370693 20788 20235
0b004401 0b004d01 10000 100 16999 2045388527 20053 19852
0b001e01 0b005601 10000 100 21613 2045406362 27498 28135
0b00d801 0b009101 10000 100 31435 2045472412 38556 36376
0b00e101 0b009701 10000 100 19029 2045587668 26041 25991
0b005b01 0b001801 10000 100 58002 2045515505 108925 58667
0b003401 0b005001 10000 100 8701315 2038300309 7391664 7305208
0b00be01 0b00dd01 10000 100 1604 2045723230 10731 11360
0b005501 0b009c01 10000 100 882982 2044999640 749809 750292
0b006001 0b002401 10000 100 1277745 2044696298 1080132 1081271
0b00a301 0b00aa01 10000 100 8811067 2038112357 7827020 7392834
0b004701 0b00a401 10000 100 9898 2045960583 17670 18302
0b000501 0b005901 10000 100 3070 2046014125 11980 12609
0b00ab01 0b00f401 10000 100 7642 2046012956 16405 16420
0b005201 0b008901 10000 100 35508 2046057176 39146 39788
0b002901 0b00e701 10000 100 2722080 2043281091 2836818 2292227
0b004401 0b00c601 10000 100 61705 2046179568 64232 61744
0b009f01 0b00e701 10000 100 2994 2046240641 13252 12510
0b007d01 0b00ca01 10000 100 127986 2046144368 116625 117304
0b006c01 0b001801 10000 100 1546021 2044882015 1406697 1306221
0b007701 0b001901 10000 100 35794 2046308638 39375 40017
0b00d801 0b006101 10000 100 514738 2045888172 470755 441566
0b008901 0b00eb01 10000 100 7813 2046448470 15926 16557
0b001e01 0b004d01 10000 100 1108797 2045606097 938759 939623
0b008101 0b00d401 10000 100 2866887 2044163573 2412136 2413602
0b00db01 0b008801 10000 100 1209502 2045610621 1023063 1024065
0b00fb01 0b007d01 10000 100 4156 2046629917 12887 13516
0b00b701 0b008b01 10000 100 74336 2046486432 167552 72348
0b00c301 0b00a801 10000 100 2811121 2044298924 2365327 2366877
0b00af01 0b008d01 10000 100 96076 2046755542 89919 90585
0b007a01 0b008d01 10000 100 23563 2046990533 29134 29772
0b007e01 0b000901 10000 100 602794 2046545645 514507 515390
0b00ba01 0b004f01 10000 100 10131 2047035569 25712 18527
0b003101 0b006901 10000 100 23589 2047036261 30189 29792
0b003201 0b00c201 10000 100 23510 2047050662 29092 29729
0b008201 0b00a201 10000 100 1299366 2045036232 2186678 1099412
0b006a01 0b001a01 10000 100 23305 2047237045 29398 29565
0b004e01 0b00f501 10000 100 7668118 2040136745 7267126 6438984
0b00b201 0b009a01 10000 100 74598 2047424796 72274 72558
0b007001 0b00c801 10000 100 107965 2047481868 100047 100519
0b004601 0b00d901 10000 100 299509 2047349200 274385 261127
0b00c601 0b004301 10000 100 1665852 2044896517 2801864 1406656
0b005301 0b008e01 10000 100 22801 2047693321 28487 29124
0b005901 0b001101 10000 100 288622 2047549442 251251 251995
0b003301 0b002401 10000 100 54009 2047751300 54971 55319
0b00a601 0b001301 10000 100 51545 2047804998 52640 53232
0b003f01 0b004301 10000 100 8895941 2037983899 9880359 7468359
0b00e601 0b000301 10000 100 25952 2047859138 52819 31760
0b00ed01 0b00cf01 10000 100 122519 2047799307 118152 112738
0b003901 0b00d801 10000 100 8098462 2040511024 7428211 6799771
0b00aa01 0b00bb01 10000 100 3659953 2044099055 3854619 3078506
0b002701 0b008b01 10000 100 827414 2046532634 1437379 703726
0b00d801 0b00ed01 10000 100 1191488 2046973166 1065656 1008963
0b00cb01 0b004101 10000 100 2836 2048131858 13714 12384
0b001b01 0b009301 10000 100 142874 2048042896 135732 129790
0b00a101 0b001f01 10000 100 62604 2048122580 61898 62502
0b00a101 0b004a01 10000 100 196094 2048392294 173751 174440
0b00e001 0b00f801 10000 100 28553 2048597143 33316 33956
0b005f01 0b009801 10000 100 8224734 2037967053 10669419 6905627
0b005601 0b00ee01 10000 100 971537 2047914056 823718 824554
0b00c001 0b005801 10000 100 670732 2048157631 603423 572352
0b006c01 0b00ce01 10000 100 2432996 2046738260 2048415 2049824
0b009501 0b00f001 10000 100 44582 2048742648 46881 47393
0b003b01 0b000101 10000 100 1518497 2047549059 1281891 1283127
0b006901 0b009501 10000 100 42145 2048862143 79342 45367
0b002501 0b002001 10000 100 17270 2048957349 33640 20107
0b001a01 0b008b01 10000 100 5524622 2043743059 5395661 4641857
0b00f001 0b009401 10000 100 61703 2049063267 113280 61743
0b00e601 0b003701 10000 100 3996815 2045811873 3380666 3360936
0b009701 0b004801 10000 100 106013 2049128420 98290 98919
0b00ad01 0b003601 10000 100 31015 2049208736 61137 36040
0b001801 0b00b201 10000 100 31605 2049239924 61548 36512
0b001801 0b004401 10000 100 4695269 2045239684 4078437 3946541
0b00fe01 0b004c01 10000 100 897825 2048614510 761975 762743
0b004501 0b000601 10000 100 64997 2049378624 64086 64493
0b00c601 0b00e301 10000 100 939499 2048686593 796900 797695
0b00f501 0b009201 10000 100 2703246 2047254044 2279069 2276430
0b007401 0b00fb01 10000 100 2661820 2047329256 2239984 2241676
0b002801 0b00ba01 10000 100 27142 2049551849 33371 32788
0b002201 0b000001 10000 100 17669 2049607765 24234 24826
0b002501 0b001401 10000 100 22421579 2030625947 19038497 18808268
0b00ba01 0b004101 10000 100 3510706 2046750086 2963388 2953387
0b007f01 0b00c201 10000 100 918 2049885291 10046 10772
0b003901 0b00fa01 10000 100 27488 2049918459 54956 33065
0b008a01 0b00e301 10000 100 4066 2050025682 13151 13444
0b00df01 0b00ff01 10000 100 32914 2050166627 37021 37598
0b003401 0b001e01 10000 100 52823 2050198908 97367 54293
0b004d01 0b00ee01 10000 100 1418818 2049140404 1198348 1199544
0b00d301 0b009001 10000 100 50244 2050388309 51704 52153
0b00f501 0b00f301 10000 100 41605 2050499011 39812 40496
0b00d001 0b008901 10000 100 45887 2050547615 47829 48476
0b008e01 0b001701 10000 100 15722 2050567887 36025 23192
0b003401 0b006f01 10000 100 990559 2049812862 883749 840501
0b008601 0b00ad01 10000 100 7430 2050772219 15761 16251
0b00ea01 0b00db01 10000 100 36848 2050738734 70417 40899
0b00a701 0b005701 10000 100 563 2050817577 9336 10488
0b006801 0b00b601 10000 100 6078 2050903717 15161 15131
0b003501 0b007101 10000 100 6851 2050912122 16358 15749
0b00e001 0b003801 10000 100 1551875 2049750294 1309940 1311096
0b00eb01 0b009b01 10000 100 2501 2051051036 11487 12116
0b001201 0b009201 10000 100 759 2051063576 9754 10645
0b00c301 0b002c01 10000 100 52796 2051112804 53742 54272
0b00d101 0b008f01 10000 100 12687 2051491920 20015 20648
0b002001 0b002501 10000 100 435524 2051159157 369919 370761
0b000201 0b00c001 10000 100 7120529 2045478489 6098524 5979869
0b009a01 0b001701 10000 100 1322227 2050508364 1130612 1118584
0b00db01 0b000401 10000 100 12898 2051652697 20852 20817
0b008c01 0b005801 10000 100 23594 2051685661 30193 29796
0b009901 0b004101 10000 100 9146 2051781803 17202 17700
0b00f401 0b006501 10000 100 9437616 2043864864 7944359 7922512
0b000801 0b009401 10000 100 4779174 2047745119 4066627 4016891
0b009b01 0b002601 10000 100 888 2051853629 10736 10748
0b00a701 0b005701 10001 100 25493 2052041800 30754 31392
0b005401 0b00b101 10000 100 52541 2052027929 105760 54068
0b005801 0b006101 10000 100 2516419 2050032439 2120015 2119788
0b00ae01 0b00a501 10000 100 2813 2052156030 7296 7965
0b00f401 0b006901 10000 100 4628 2052191058 13391 13894
0b00c501 0b005b01 10000 100 4515 2052200250 13174 13804
0b001801 0b006b01 10000 100 209426 2052034439 196185 185604
0b005901 0b003801 10000 100 43756 2052436512 46049 46694
0b00e701 0b00dd01 10000 100 5642873 2047759758 4738416 4740989
0b001601 0b00c401 10000 100 30856 2052522805 60950 35875
0b00a401 0b009a01 10000 100 3504 2052597142 12327 12956
0b008f01 0b007a01 10000 100 1101393 2051753814 984363 933431
0b00d901 0b009f01 10000 100 8674969 2045448217 7296118 7283095
0b00ac01 0b000601 10000 100 1277 2052837460 10469 11098
0b008801 0b006701 10000 100 795098 2051542572 1327571 676644
0b006201 0b00f701 10000 100 1380170 2051680456 1198086 1167166
0b004e01 0b000b01 10000 100 3618137 2045739481 7194170 3043479
0b004b01 0b002101 10000 100 42249 2052906300 46026 45450
0b004801 0b000d01 10000 100 447998 2052612891 384847 385601
0b00d501 0b002d01 10000 100 9053879 2045577552 7596884 7600776
0b003301 0b001801 10000 100 2682227 2050941640 2267075 2258808
0b005401 0b00c601 10000 100 5796 2053238766 14403 14867
0b001501 0b00f801 10000 100 3451059 2050518348 2901565 2903404
0b00a601 0b00e201 10000 100 6705 2053475408 15106 15632
0b003701 0b00cf01 10000 100 20441 2053494869 26523 27159
0b00b001 0b00b101 10000 100 7257392 2047441006 6130696 6090220
0b00ba01 0b00d201 10000 100 1634 2053581180 12192 11384
0b00e101 0b001601 10000 100 37609 2053549124 54546 41546
0b003a01 0b007001 10000 100 1875961 2052022538 1581531 1582807
0b005b01 0b001601 10000 100 20317 2053571489 37018 27060
0b00a901 0b00e001 10000 100 16556 2053585889 23433 23897
0b000401 0b00c401 10000 100 6430229 2048233896 5425234 5401133
0b009901 0b003e01 10000 100 37654 2053921664 41256 41582
0b002801 0b005901 10000 100 3802 2054125986 13163 13195
0b00b301 0b00a901 10000 100 22462 2054125346 28402 28852
0b00bb01 0b00c101 10000 100 54737 2054120213 146874 55901
0b00d801 0b00fa01 10000 100 637602 2053770565 543902 544580
0b00fc01 0b00dd01 10000 100 9241 2054412171 23867 17776
0b003b01 0b002501 10000 100 1959548 2052825884 1651822 1652902
0b009501 0b001d01 10000 100 29530 2054512819 34602 34776
0b00cd01 0b005201 10000 100 1896 2054546123 11144 11593
0b002f01 0b003501 10000 100 3249 2054546289 14050 12752
0b00ab01 0b002801 10000 100 1175113 2053573603 994656 995248
0b00ea01 0b00de01 10000 100 9876377 2046283493 8413436 8290378
0b001901 0b000b01 10000 100 2822009 2052172558 2623116 2376010
0b00a101 0b006201 10000 100 42863 2054768982 45296 45941
0b00ef01 0b006801 10000 100 17685 2054797347 24336 24839
0b007601 0b000701 10000 100 796195 2054233726 676616 677560
0b005e01 0b00ea01 10000 100 1687668 2053426930 1489385 1424953
0b003401 0b002601 10000 100 3854386 2051762801 3263460 3241540
0b001401 0b000201 10000 100 4224 2055015045 14001 13571
0b002b01 0b005001 10000 100 2332 2055050851 11351 11980
0b005001 0b005601 10000 100 25557 2055070161 26365 27044
0b00cf01 0b004701 10000 100 21166 2055176238 27197 27777
0b00e001 0b00a801 10000 100 31007 2055195662 35397 36034
0b008601 0b001901 10000 100 3374 2055228136 12223 12852
0b005401 0b003f01 10000 100 5271 2055331325 13817 14447
0b002301 0b00e301 10000 100 69752 2055275122 72113 68489
0b00ca01 0b009a01 10000 100 50428 2055315601 51826 52300
0b006501 0b00ac01 10000 100 5221 2055361894 13885 14407
0b00ec01 0b009701 10000 100 3484702 2052466990 2929915 2931585
0b006001 0b003401 10000 100 874155 2054638779 762156 742924
0b00bb01 0b004201 10000 100 5726691 2049660975 5786553 4811269
0b000401 0b00d101 10000 100 37189 2055440191 40635 41210
0b007a01 0b002c01 10000 100 5426 2055514196 18067 14571
0b00bb01 0b00bd01 10000 100 1258798 2053526820 2038825 1060984
0b005b01 0b009401 10000 100 60874 2055525928 60454 61041
0b004501 0b00f801 10000 100 8184 2055640062 16409 16892
0b007d01 0b007101 10000 100 33926 2055608140 57312 34046
0b008d01 0b00e201 10000 100 177850 2055524777 158448 159115
0b008301 0b005d01 10000 100 22382 2055659200 28151 28788
0b006601 0b002601 10001 100 681201 2055215900 580249 581149
0b009e01 0b008a01 10000 100 18827 2055768168 40751 25791
0b00c501 0b002701 10000 100 8855 2055851822 23592 17429
0b003001 0b00b301 10000 100 58929 2055883321 61493 59408
0b00b001 0b00c601 10000 100 79942 2055964705 76606 77025
0b005f01 0b002901 10000 100 1517875 2054849032 1281760 1282591
0b005b01 0b00d101 10000 100 8299 2056194887 16387 16984
0b008701 0b00d201 10000 100 22883 2056244028 47610 29189
0b002301 0b00eb01 10000 100 78841 2056316117 81493 76106
0b00aa01 0b00d501 10000 100 226637 2056294761 199516 200026
0b009301 0b00f901 10000 100 75452 2056331418 198802 73280
0b008601 0b006801 10000 100 29205 2056659955 33876 34516
0b004701 0b00fc01 10000 100 104774 2056605760 102250 97851
0b002e01 0b000c01 10000 100 10271 2056708259 18007 18639
0b002b01 0b006301 10000 100 56657 2056691561 57108 57514
0b00fc01 0b00ac01 10000 100 46949 2056697465 87814 49364
0b00b301 0b004c01 10000 100 2215193 2054946938 1869025 1867248
0b003201 0b00f201 10000 100 24906 2056800575 30331 30884
0b009601 0b00e701 10000 100 52762 2056777176 96884 54244
0b00a101 0b005201 10000 100 32958 2056853912 36992 37633
0b008001 0b00f101 10000 100 5736 2056895222 17703 14819
0b00fc01 0b002301 10000 100 4280198 2053296811 3655487 3598548
0b00f101 0b002d01 10000 100 36613 2057006289 40867 40711
0b001101 0b002c01 10000 100 25861 2057039979 31035 31687
0b003801 0b009101 10000 100 10390 2057198177 26575 18734
0b005f01 0b009701 10000 100 36890 2057259559 40290 40932
0b00e701 0b004d01 10000 100 32290 2057297778 36659 37099
0b003901 0b00ce01 10000 100 9729909 2049154721 8186389 8167559
0b008401 0b006401 10000 100 9422527 2049522006 7905593 7909864
0b003701 0b002d01 10000 100 59879 2057382388 59660 60207
0b001001 0b00ed01 10000 100 5360582 2052949148 4585248 4504328
0b004801 0b006701 10000 100 6534 2057524148 17171 15496
0b009301 0b004b01 10000 100 5444144 2048398629 9193242 4574403
0b00d701 0b00af01 10000 100 60431 2057546068 60311 60687
0b00ad01 0b005901 10000 100 279129 2057256396 487657 244055
0b006901 0b00d201 10000 100 13220956 2046675573 11147056 11094451
0b00b601 0b008001 10000 100 9093229 2050207884 7630382 7633792
0b00b401 0b00a601 10000 100 1545131 2056554012 1339566 1305471
0b003501 0b004101 10000 100 23083 2057920484 31403 29388
0b003301 0b001701 10000 100 238349 2057623980 420475 209856
0b000c01 0b004001 10000 100 990905 2057246666 839763 840778
0b004b01 0b006501 10000 100 10795 2058153046 18426 19058
0b004601 0b002701 10000 100 4165551 2054822848 3507575 3502415
0b005401 0b009101 10000 100 2533813 2056206072 2141448 2134356
0b00be01 0b006201 10000 100 39128 2058296599 74474 42838
0b008c01 0b004c01 10000 100 21663 2058373984 27538 28175
0b003a01 0b00e401 10000 100 72411 2058432441 70280 70732
0b000e01 0b000801 10000 100 70437 2058531705 63979 64676
0b00f701 0b00dc01 10000 100 21967522 2034333592 24271249 18427588
0b00fc01 0b002101 10000 100 2671 2058637534 11735 12252
0b009f01 0b00a001 10000 100 69070 2058586582 67292 67944
0b002601 0b00ee01 10000 100 11064 2058722461 18679 19312
0b00a401 0b009c01 10000 100 29854 2058716022 34585 35035
0b00be01 0b004e01 10000 100 3382564 2055848405 3033906 2845958
0b002801 0b00e801 10000 100 35333 2058917278 61554 39648
0b009901 0b004c01 10000 100 15915 2058993236 22712 23346
0b008001 0b000801 10000 100 6406 2059011829 15538 15393
0b006401 0b002601 10000 100 135 2059024046 8480 10146
0b00e501 0b009801 10000 100 16198022 2040606073 18465042 13590459
0b004e01 0b00b401 10000 100 4997083 2049534119 9671253 4199589
0b000d01 0b00f701 10000 100 135718 2059098439 236903 123796
0b009101 0b000801 10000 100 22310 2059317130 28094 28731
0b008d01 0b000c01 10000 100 15016 2059354857 21993 22627
0b00eb01 0b007401 10000 100 51044 2059285458 94194 52832
0b00b401 0b00da01 10000 100 26689 2059359165 31749 32388
0b003301 0b007601 10000 100 2407990 2057211608 2227039 2028859
0b00dd01 0b004d01 10000 100 474595 2059013746 427778 407916
0b007a01 0b003501 10000 100 11372521 2049975024 9602126 9544740
0b003401 0b008c01 10000 100 7327 2059831495 15537 16168
0b009401 0b008001 10000 100 9345 2059835290 24451 17860
0b005701 0b002601 10000 100 67002 2059915670 65765 66212
0b003f01 0b002001 10000 100 1858873 2056902937 3124957 1568484
0b002601 0b009801 10000 100 3842 2060029747 12721 13227
0b00bc01 0b00e501 10000 100 26669770 2033202655 27214854 22369944
0b004c01 0b00a101 10000 100 1013568 2059595542 858768 859792
0b00cd01 0b00d301 10000 100 1395 2060488510 10825 11192
0b008e01 0b009a01 10000 100 11169 2060484157 27475 19396
0b003701 0b00a301 10000 100 1162117 2059597949 1023364 984352
0b009e01 0b00b201 10000 100 9062477 2053102373 7619738 7608000
0b009d01 0b00e001 10000 100 40037 2060678137 120564 43604
0b00a201 0b008301 10000 100 43730 2060966513 49343 46673
0b00e101 0b001401 10000 100 25496 2060988397 32795 31395
0b003901 0b00a901 10000 100 653968 2060516424 557398 558288
0b000e01 0b00b101 10000 100 58684 2060988934 107448 59212
0b003f01 0b007101 10000 100 4699363 2055600339 5532951 3949970
0b00f601 0b001301 10000 100 4048449 2057722361 3432709 3404240
0b008401 0b00be01 10000 100 43718 2061085308 82330 46664
0b003b01 0b001e01 10000 100 54408 2061126565 99684 55638
0b002501 0b00fa01 10000 100 4345874 2057596948 3651494 3653585
0b000901 0b003701 10000 100 15824 2061271585 22639 23273
0b00ea01 0b007801 10000 100 1692825 2058626641 2846337 1429271
0b005f01 0b009f01 10000 100 76527 2061404200 77044 74178
0b002201 0b003101 10000 100 58853 2061423243 59383 59348
0b008401 0b00e201 10000 100 1546465 2060206024 1342181 1306576
0b00f701 0b002201 10000 100 53685 2061468548 105334 55021
0b00a001 0b00bb01 10000 100 22667 2061594771 28379 29016
0b00f701 0b008e01 10000 100 1007438 2060648420 983731 854657
0b007d01 0b00c601 10000 100 3893 2061635056 12638 13268
0b00e801 0b005a01 10000 100 9107473 2052407312 9309592 7645725
0b003b01 0b00f501 10000 100 4892657 2057588634 4155256 4112016
0b006e01 0b001a01 10000 100 35631 2061711856 39245 39887
0b00f101 0b00ee01 10000 100 64872 2061724635 65553 64393
0b00b401 0b00e801 10000 100 22079 2061908397 53230 28546
0b00d901 0b00e601 10000 100 251 2061996151 8712 10239
0b009801 0b00b901 10000 100 289168 2061789280 251726 252470
0b005001 0b006901 10000 100 15586 2062054958 22449 23083
0b00b801 0b005a01 10000 100 1235952 2060476980 1648565 1046224
0b00aa01 0b005401 10000 100 3463010 2059219838 2911815 2913425
0b008201 0b00e101 10000 100 24901333 2040250538 21970062 20887303
0b000b01 0b000801 10000 100 2993 2062232966 7440 8109
0b008a01 0b009001 10000 100 92180 2062163933 86843 87315
0b009901 0b008701 10000 100 2132 2062272994 11202 11820
0b005b01 0b00ea01 10000 100 50183 2062284730 54460 52104
0b004201 0b00c501 10000 100 4760 2062464306 13727 14000
0b00b101 0b002f01 10000 100 1170 2062485031 11072 11012
0b009501 0b006b01 10000 100 1006087 2061831356 852714 853538
0b006a01 0b003401 10000 100 5579 2062723940 14150 14693
0b00f501 0b003d01 10000 100 29950 2062712879 34472 35112
0b001b01 0b002001 10000 100 5187 2062815684 14122 14380
0b009301 0b006701 10000 100 21970273 2039832601 23056732 18429904
0b003401 0b008d01 10000 100 23479 2063078383 29394 29704
0b00ca01 0b000001 10000 100 5639 2063186605 14111 14741
0b003f01 0b009a01 10000 100 49478 2063194843 51030 51502
0b00c601 0b00f901 10000 100 38047 2063357975 41850 41935
0b00fd01 0b009901 10001 100 61530 2063362448 60952 61604
0b00df01 0b009e01 10000 100 2334906 2061464840 1966037 1967588
0b004d01 0b008901 10000 100 3833452 2058431273 5009153 3223987
0b009801 0b005601 10000 100 298210 2063274982 259302 260049
0b002001 0b001701 10000 100 7838788 2056726691 6854046 6582048
0b009f01 0b004901 10000 100 4491569 2059874390 3777204 3775748
0b006401 0b008601 10000 100 1517023 2062384428 1280882 1281909
0b004801 0b004d01 10000 100 57550 2063643614 55620 53867
0b00d101 0b007701 10000 100 5159 2063816828 13727 14357
0b002b01 0b009301 10000 100 12622 2063825656 19963 20596
0b004e01 0b000201 10000 100 10844272 2047407978 16521406 9101865
0b008601 0b00d501 10000 100 20630 2063917888 26674 27310
0b002501 0b00b901 10000 100 52114 2063911871 54175 53726
0b00cf01 0b009901 10000 100 79456 2063831932 142002 76636
0b00e701 0b00d601 10000 100 7588 2063962765 15746 16377
0b008301 0b000b01 10000 100 1834449 2062463882 1546846 1548023
0b003a01 0b00b201 10000 100 655304 2063493804 558543 559433
0b00c301 0b000201 10000 100 1286780 2062146188 1974922 1088844
0b003d01 0b00cb01 10000 100 15497 2064146522 22363 23012
0b00f201 0b009401 10000 100 77443 2064109729 74290 74949
0b007201 0b005201 10000 100 31192 2064185052 38200 36182
0b00a301 0b002d01 10000 100 5144282 2059857937 4370017 4322993
0b008201 0b002701 10000 100 558265 2063297406 944235 478077
0b00b001 0b00ee01 10000 100 71240 2064134751 111000 69756
0b004101 0b00f101 10000 100 1180480 2062524445 1750620 999734
0b009b01 0b00f201 10000 100 2088 2064329074 11156 11785
0b007001 0b003001 10000 100 58128 2064372366 58274 58768
0b00cf01 0b004701 10001 100 4440305 2060653874 3796986 3732778
0b007801 0b00e001 10000 100 21065 2064501350 27221 27696
0b007f01 0b00f701 10000 100 7383222 2058167011 6372303 6200123
0b00aa01 0b003201 10000 100 926792 2063763745 786031 787030
0b00c401 0b006801 10000 100 6809898 2057589797 6960764 5719422
0b00b501 0b009201 10000 100 30811 2064546952 35271 35839
0b005f01 0b007201 10000 100 1288736 2063553634 1090997 1090486
0b002f01 0b00fa01 10000 100 41204 2064984031 44589 44576
0b00d401 0b008c01 10000 100 172130 2064588027 450974 154347
0b00e601 0b00d401 10000 100 1313 2065149442 10530 11127
0b001601 0b000801 10000 100 82005 2065092781 214891 78791
0b001b01 0b00e101 10001 100 21049 2065339312 29123 27684
0b00a801 0b00cd01 10000 100 26601 2065351294 44390 32317
0b000b01 0b004e01 10000 100 2803 2065462473 11728 12357
0b002801 0b00a801 10000 100 32094 2065441341 36646 36942
0b00eb01 0b002f01 10000 100 1470628 2061790108 3706121 1242988
0b004d01 0b002f01 10000 100 6126 2065475413 23626 15169
0b00b901 0b001a01 10000 100 1962729 2063946000 1655042 1655562
0b00eb01 0b008801 10000 100 2052701 2060973489 4681315 1730996
0b002101 0b008c01 10000 100 1524019 2063056759 2707165 1287775
0b00f201 0b006d01 10000 100 74811 2065779490 72071 72728
0b00be01 0b000d01 10000 100 724623 2065243778 621456 617538
0b002f01 0b00a601 10000 100 76396 2065838035 73462 74073
0b009601 0b005f01 10000 100 9293 2065891997 24345 17818
0b00dd01 0b007d01 10000 100 582 2066122549 9372 10504
0b004101 0b004801 10000 100 1556925 2064861000 1309638 1310928
0b00ef01 0b00e301 10000 100 6408 2066186484 11080 10995
0b009501 0b00cd01 10000 100 61951 2066135088 96485 61941
0b005101 0b003b01 10000 100 2179189 2064423913 1835563 1837063
0b00d701 0b00ab01 10000 100 25353 2066259252 30642 31280
0b00a101 0b00b401 10000 100 4787082 2062395017 4021060 4023524
0b009601 0b009901 10000 100 4976 2066467986 12938 9772
0b00cc01 0b00dd01 10000 100 156321 2066378433 140401 141085
0b00a601 0b004301 10000 100 42771 2066564556 45223 45868
0b00c001 0b008001 10000 100 9220923 2058420404 8414606 7740824
0b003501 0b004701 10000 100 23422 2067078226 31085 29659
0b00b601 0b00ad01 10000 100 17820 2067096090 25108 24947
0b008501 0b002701 10000 100 5359143 2062200707 4968220 4503138
0b004701 0b009901 10000 100 14309 2067158320 21389 22023
0b00cd01 0b00e001 10000 100 33850 2067123395 67448 38385
0b002c01 0b003201 10000 100 28930 2067221790 33618 34257
0b001c01 0b007e01 10000 100 9771237 2059130952 8197915 8202234
0b00b101 0b000101 10000 100 47783 2067307951 51019 50069
0b009601 0b00e201 10000 100 15025 2067386528 34410 22634
0b005b01 0b004601 10000 100 9553 2067415024 18017 18026
0b008401 0b007301 10000 100 6822 2067462861 15095 15726
0b001601 0b00ee01 10000 100 1964557 2064141444 3370440 1657101
0b00cf01 0b008201 10000 100 247500 2067313110 216933 217523
0b004601 0b001301 10001 100 435758 2067164850 375397 375348
0b004901 0b004301 10000 100 47087 2067534752 47552 45112
0b005501 0b003501 10000 100 882831 2066919405 750319 750172
0b004601 0b003c01 10000 100 58887 2067810526 61402 59375
0b00de01 0b00e401 10000 100 246679 2067689912 228070 216828
0b004d01 0b006f01 10000 100 28801 2067833103 101759 34154
0b00cf01 0b00ad01 10000 100 20343 2067994666 44136 27080
0b007f01 0b00bf01 10000 100 1955375 2066380415 1692993 1649410
0b00bb01 0b00ca01 10000 100 3504357 2065152884 2946419 2948077
0b00e401 0b005801 10000 100 29114 2068046321 82962 34443
0b000701 0b009e01 10000 100 171202 2068087815 152873 153566
0b002201 0b009b01 10000 100 782065 2066979045 1320073 665719
0b00a301 0b00d801 10000 100 351373 2067999164 303846 304615
0b00b501 0b004101 10000 100 50883 2068279092 52016 52664
0b00cd01 0b008c01 10000 100 1071035 2066529532 1817445 907992
0b002201 0b008c01 10000 100 4036890 2062646215 5711297 3394532
0b005a01 0b00cd01 10000 100 39339 2068297205 65257 43007
0b00f501 0b00ad01 10000 100 728767 2067736690 671384 621007
0b006f01 0b009201 10000 100 14960 2068395938 21910 22544
0b000d01 0b00fb01 10000 100 3251271 2065764237 2741522 2735893
0b00ef01 0b00d401 10000 100 7052 2068575887 15434 15948
0b00e401 0b007f01 10000 100 1294570 2066481122 2214906 1095384
0b002c01 0b00b501 10000 100 7181 2068701016 15421 16052
0b009301 0b003e01 10000 100 11239 2068699595 27554 19452
0b009d01 0b00cd01 10000 100 19692024 2043459230 25312394 16519830
0b006701 0b00b301 10000 100 25497 2068848545 51224 31396
0b007f01 0b001601 10000 100 62866 2068906072 65051 62712
0b00b401 0b008c01 10000 100 5737 2068966166 14216 14820
0b000001 0b00d401 10000 100 141926 2068917090 128309 128993
0b000801 0b00c601 10000 100 9365 2069160415 17401 17876
0b002101 0b00ed01 10000 100 1960795 2067736190 1652655 1653938
0b009601 0b009d01 10000 100 17152597 2054181311 15219032 14386352
0b001801 0b004801 10000 100 23982 2069453618 29566 30107
0b002101 0b00b401 10000 100 35085 2069454302 38919 39450
0b000501 0b00ef01 10000 100 154882 2069448308 139167 139857
0b002701 0b00f001 10000 100 53778 2069546842 54534 55096
0b00ca01 0b00c101 10000 100 53549 2069599214 49823 50512
0b003c01 0b00d601 10000 100 2955195 2066671227 3021306 2487666
0b00f801 0b00c801 10000 100 23661 2069808549 48757 29850
0b000701 0b00d301 10000 100 3900 2069869569 12378 13273
0b004501 0b001a01 10000 100 19991 2069882706 26125 26760
0b00f801 0b001e01 10000 100 1313064 2068751676 1187463 1110908
0b001e01 0b00aa01 10000 100 1596010 2068631567 1447940 1348132
0b00d101 0b007301 10000 100 155817 2069953284 139953 140644
0b00bf01 0b00a501 10000 100 59312 2070151742 59101 59753
0b003201 0b00f001 10000 100 10687 2070208474 18383 18972
0b004d01 0b00f601 10000 100 6079142 2060080693 10154763 5106785
0b00af01 0b00f101 10000 100 63432 2070152806 116019 63203
0b004b01 0b009f01 10000 100 16751 2070338211 23405 24053
0b00f301 0b005001 10000 100 128041 2070242760 124345 117386
0b005101 0b00de01 10000 100 4998 2070466461 13560 14190
0b003c01 0b006201 10000 100 1704756 2068617977 1971117 1439276
0b00f701 0b001701 10000 100 8229 2070660290 22430 16928
0b007001 0b00cd01 10000 100 9875 2070703807 17816 18284
0b004701 0b007601 10000 100 9533 2070807230 25166 18010
0b00ad01 0b00dc01 10000 100 21499841 2046989088 23853535 18035472
0b00bc01 0b006301 10000 100 136851 2070802077 124059 124741
0b007c01 0b005e01 10000 100 44460 2070998914 46650 47296
0b004d01 0b00e901 10000 100 3559340 2064304039 6791653 2994176
0b00a101 0b006e01 10000 100 1680315 2069683289 1417713 1418802
0b00e201 0b00cb01 10000 100 29487 2071234802 35417 34741
0b00db01 0b003001 10000 100 3045 2071335734 14351 12589
0b00b601 0b00c101 10000 100 30621 2071346194 35047 35687
0b00b601 0b005301 10000 100 27589 2071383580 34394 33146
0b00c501 0b001001 10000 100 18292031 2056008851 15578543 15346076
0b00e101 0b006101 10000 100 58164 2071601792 58284 58796
0b00df01 0b008201 10000 100 1819 2071653913 10903 11532
0b00f801 0b00ff01 10000 100 39224 2071632714 73964 38515
0b000001 0b003d01 10000 100 1258769 2070646232 1064229 1065360
0b000501 0b00a901 10000 100 32083 2071725348 39054 36933
0b00c601 0b000b01 10000 100 1273 2071787204 10572 11095
0b007101 0b003001 10000 100 3868836 2068720730 3254372 3253638
0b00ed01 0b005d01 10000 100 16960 2071988109 23787 24220
0b00d201 0b009c01 10000 100 9695 2072016129 17508 18140
0b006901 0b007701 10000 100 1752266 2069765024 2405560 1479128
0b002601 0b002301 10000 100 64649 2072112621 59121 59815
0b00cb01 0b004301 10000 100 155341 2071953557 269263 140263
0b006f01 0b000701 10000 100 29430 2072395755 34714 34696
0b006401 0b00ee01 10000 100 399717 2072148794 344723 345133
0b008e01 0b00c901 10000 100 67750 2072422095 122836 66811
0b006701 0b003301 10000 100 8719667 2065221757 7338026 7320581
0b008e01 0b00c001 10000 100 14023985 2060477785 12148720 11767709
0b004b01 0b002d01 10000 100 55472 2072512849 113906 56528
0b00e501 0b004901 10000 100 6002774 2067325900 5323000 5042734
0b00d701 0b00d901 10000 100 36962 2072635959 35907 36590
0b004f01 0b008d01 10000 100 62017 2072621744 66173 62032
0b002e01 0b004001 10000 100 16658 2072667505 23344 23979
0b004d01 0b006d01 10000 100 2457801 2067840266 4915361 2070628
0b004201 0b007001 10000 100 1114623 2071833746 943449 944514
0b009901 0b001201 10000 100 58267 2072824431 61850 58879
0b001601 0b00ac01 10000 100 8940091 2063750649 9221916 7505407
0b00c401 0b008301 10000 100 22839 2073003884 29034 29154
0b00ab01 0b003e01 10000 100 4591353 2068073140 5075348 3859415
0b00b801 0b002501 10000 100 6938 2073165191 15880 15819
0b004d01 0b004901 10000 100 29122 2073160520 29369 30049
0b00c901 0b00c501 10000 100 333700 2072972368 284584 285385
0b00b301 0b009701 10000 100 766072 2071993212 1297533 652310
0b00aa01 0b007301 10000 100 2501977 2071230719 2106205 2107658
0b00e001 0b009f01 10000 100 2449 2073331899 11445 12074
0b006901 0b00f801 10000 100 25901 2073301444 63464 31719
0b00e401 0b00f301 10000 100 11507798 2062621828 10780549 9658145
0b00f701 0b00e501 10000 100 6371023 2067875552 5612864 5351503
0b00c101 0b007301 10000 100 20341 2073517868 26596 27079
0b008301 0b00ff01 10000 100 28958 2073552917 68388 34280
0b005301 0b00ec01 10000 100 16728553 2059646663 14029491 14035236
0b006801 0b007b01 10000 100 94773 2073584976 93509 89466
0b000f01 0b00cf01 10000 100 70128 2073613418 68172 68828
0b00ee01 0b004101 10000 100 20518 2073803797 26584 27220
0b00cb01 0b00fc01 10000 100 8616506 2066472494 7362327 7234097
0b00d201 0b001301 10000 100 14976 2073839297 21947 22556
0b00e701 0b00b201 10000 100 2026994 2072163017 1708191 1709432
0b001001 0b008601 10000 100 6193568 2068534404 5415446 5202704
0b008001 0b007701 10000 100 1618721 2072713400 1366068 1367146
0b004201 0b007d01 10000 100 259598 2073934921 227149 227662
0b00c401 0b006e01 10000 100 2986 2074188625 11875 12504
0b00b701 0b001b01 10000 100 16219786 2060628690 13603991 13608676
0b00f801 0b006d01 10000 100 2976932 2070493715 3739961 2505862
0b008c01 0b003e01 10000 100 116347 2074056482 203385 107570
0b00d201 0b00f601 10000 100 423310 2073915482 364341 364929
0b00f701 0b001f01 10000 100 50677 2074299836 52040 52500
0b00d101 0b002a01 10000 100 1054078 2073483432 892725 893774
0b009401 0b005001 10000 100 1868363 2072844955 1575329 1576460
0b005901 0b008701 10000 100 1760033 2073082569 1614049 1485648
0b000801 0b001a01 10000 100 4590 2074772310 13234 13864
0b00fa01 0b005d01 10000 100 12842 2074787608 20436 20772
0b00c701 0b00d001 10000 100 994133 2073980210 848475 843514
0b000901 0b001001 10000 100 79728 2074855346 83169 76854
0b00aa01 0b00e301 10000 100 19954 2074919663 27069 26731
0b001c01 0b00e501 10000 100 20365 2074900648 53165 27098
0b008701 0b00d701 10000 100 183026 2074652364 303131 163486
0b00bb01 0b006d01 10000 100 63147 2074904411 62321 62975
0b00bc01 0b002a01 10000 100 7207 2074982051 20715 16072
0b00a001 0b006401 10000 100 456 2075055623 9122 10403
0b00b801 0b00e501 10000 100 25882 2075037239 56311 31704
0b00e101 0b005c01 10000 100 21222 2075126542 27623 27822
0b006901 0b00b801 10000 100 4781628 2070305102 4968246 4018931
0b005701 0b009001 10000 100 1272 2075311020 11142 11094
0b007401 0b000901 10000 100 6948293 2069495217 5836518 5835476
0b00b801 0b00b501 10000 100 27654 2075322653 29618 28798
0b009e01 0b009601 10000 100 57027 2075316077 55480 53448
0b008c01 0b004f01 10000 100 4121932 2071611048 3782525 3465830
0b00b301 0b00f801 10000 100 5009312 2070448596 4961845 4209833
0b008401 0b00e501 10000 100 41733 2075352518 80864 44999
0b00e001 0b008301 10000 100 59070 2075471752 60861 59560
0b00bd01 0b003401 10000 100 1326671 2073277957 2292423 1122293
0b00e601 0b00db01 10000 100 10244 2075884897 18370 18617
0b009401 0b004301 10000 100 1520161 2074687968 1283502 1284535
0b008301 0b00e801 10000 100 3273847 2071441828 4535222 2754799
0b001f01 0b00a201 10000 100 62080 2075917425 116737 62083
0b00db01 0b003401 10000 100 33617 2076025244 67801 38199
0b00b601 0b00e501 10000 100 1805607 2074469762 1626052 1523836
0b00d501 0b00ac01 10000 100 10221 2076140062 18127 18599
0b000301 0b002a01 10000 100 1877677 2074585051 1588980 1584256
0b006f01 0b005301 10000 100 146626 2076108826 132259 132945
0b00ea01 0b00e801 10000 100 16133752 2055734930 20528095 13532147
0b008c01 0b00d901 10000 100 65473 2076140225 180938 64912
0b007b01 0b00b401 10000 100 53976 2076278108 99101 55254
0b009601 0b000d01 10000 100 4515250 2071307512 5094806 3795614
0b001b01 0b004d01 10000 100 25825 2076532150 31072 31658
0b00da01 0b00a101 10000 100 49492 2076491074 91880 51513
0b00ae01 0b004001 10000 100 12673 2076643987 30060 20637
0b003401 0b001601 10000 100 2533918 2073350124 3374240 2134440
0b003201 0b00b201 10000 100 9309 2076756533 17217 17831
0b00e301 0b005701 10000 100 18643457 2061142298 15635194 15640695
0b000b01 0b006501 10000 100 15047 2076757704 34220 22652
0b007601 0b009101 10000 100 797733 2075555501 1345746 678829
0b00bf01 0b002301 10000 100 26465 2076898019 31671 32208
0b003101 0b00b801 10000 100 15838 2076940545 23115 23284
0b00b901 0b002701 10000 100 63203 2076977676 65092 63020
0b006e01 0b001601 10000 100 170581 2076908769 152535 153031
0b00b301 0b003e01 10000 100 1073746 2076213252 909390 910238
0b002501 0b00c801 10000 100 122940 2077128914 112398 113075
0b002501 0b000c01 10000 100 4895 2077238621 13478 14108
0b000601 0b00cf01 10000 100 6203 2077260354 14600 15231
0b007a01 0b004b01 10000 100 2823 2077335324 25077 12373
0b007b01 0b005901 10000 100 26428176 2054893711 22519722 22167414
0b003701 0b004c01 10000 100 564247 2076667726 942049 483093
0b004701 0b000501 10000 100 8898999 2070200965 7476276 7470920
0b00fe01 0b002101 10000 100 4260959 2074144786 3580495 3582389
0b002c01 0b007a01 10000 100 413953 2077373929 356266 357060
0b009901 0b003101 10000 100 8968 2077728958 17039 17520
0b006101 0b004801 10000 100 45633 2077756212 48754 48272
0b002101 0b003c01 10001 100 74401 2077800026 71743 72400
0b005c01 0b004601 10000 100 65209 2077953987 64047 64701
0b00a201 0b009701 10000 100 5273737 2073266381 4819315 4431511
0b001401 0b006e01 10000 100 60626 2078172930 60191 60843
0b007001 0b006801 10000 100 25885 2078227468 42800 31706
0b00bf01 0b006d01 10000 100 24840 2078332103 30194 30832
0b001c01 0b00d901 10000 100 4264391 2073011226 5406126 3585288
0b005d01 0b001201 10000 100 1844945 2075616274 2847746 1556804
0b007401 0b006a01 10000 100 557 2078542423 9594 10484
0b007801 0b00a401 10000 100 630963 2078045936 538130 539000
0b000b01 0b008201 10000 100 1258554 2077608673 1064057 1065188
0b00ea01 0b009001 10000 100 3190253 2073067017 5608461 2684736
0b00d501 0b001501 10000 100 28089 2078672459 32945 33584
0b009c01 0b00d901 10000 100 2546496 2074706845 4098879 2145001
0b001a01 0b005401 10000 100 2012 2078867424 11274 11724
0b006e01 0b009201 10000 100 36364 2078921343 40078 40512
0b00e001 0b00bc01 10000 100 53844 2078943811 54499 55148
0b007a01 0b002001 10000 100 187251 2078852824 166317 167020
0b00e501 0b005f01 10000 100 2374666 2073113148 5999270 2000932
0b004401 0b001201 10000 100 2124276 2076023283 3113661 1791020
0b00a601 0b00e801 10000 100 23662 2079240847 29236 29851
0b00ae01 0b002701 10000 100 30256 2079252405 59520 35395
0b006001 0b00d101 10000 100 96376 2079258921 90159 90825
0b00e601 0b00cc01 10000 100 12443 2079340134 19887 20453
0b005301 0b003001 10000 100 18385 2079348035 24802 25437
0b001001 0b00e901 10000 100 5818499 2074531636 4889915 4888248
0b001401 0b001001 10000 100 9243 2079501064 12706 13378
0b00bf01 0b000401 10000 100 28670 2080070770 33410 34049
0b009801 0b00a301 10000 100 4811179 2071996153 8214738 4043724
0b00f601 0b009601 10000 100 5182 2080297455 13933 14376
0b005a01 0b008801 10000 100 2012876 2076932677 3382922 1697600
0b00e001 0b00f101 10000 100 192 2080325992 9219 10192
0b00e501 0b00e901 10000 100 51802 2080306422 48349 49038
0b007b01 0b00d801 10000 100 1842238 2078815265 1553399 1554561
0b00d401 0b008501 10000 100 940255 2079579470 806058 798338
0b005201 0b00d401 10000 100 157659 2080249126 148625 142194
0b004701 0b002701 10000 100 42886 2080369054 47628 45960
0b00ae01 0b001b01 10000 100 52650 2080411261 141946 54155
0b003e01 0b008501 10000 100 25134 2080542776 30467 31105
0b00d101 0b000201 10000 100 73205 2080641035 70748 71405
0b008201 0b00aa01 10000 100 17736 2080709827 25078 24880
0b002601 0b004601 10000 100 44637 2080717383 83278 47437
0b002601 0b002301 10001 100 397382 2080478605 375380 338788
0b00eb01 0b00c201 10000 100 22217066 2059270751 21623095 18636824
0b00fc01 0b00fa01 10000 100 2553 2080886999 7088 7757
0b00be01 0b006d01 10000 100 28117 2080945902 32967 33607
0b00cb01 0b00f701 10000 100 6245509 2075754857 5243127 5246253
0b001701 0b00bb01 10000 100 3622 2080992977 14187 13051
0b009601 0b00cd01 10000 100 7057103 2073792136 7226275 5926709
0b00a301 0b00ce01 10000 100 3729209 2075413558 5671223 3136599
0b00a701 0b00a901 10000 100 443118 2080877232 376298 377144
0b000f01 0b000901 10000 100 26445 2081245486 48444 27792
0b00e601 0b00ab01 10000 100 75483 2081282641 74441 73304
0b00b001 0b00c001 10000 100 6969 2081515549 15213 15844
0b008e01 0b009b01 10000 100 28841 2081510311 33725 34186
0b001901 0b00ff01 10000 100 9941006 2073319498 8364444 8344577
0b001401 0b008d01 10000 100 177229 2081577223 157919 158618
0b00aa01 0b009d01 10000 100 4168010 2078089475 3699213 3504497
0b009d01 0b000301 10000 100 5783 2081801693 24414 14856
0b00fd01 0b008b01 10000 100 1868033 2079900809 1963652 1576196
0b00f201 0b009e01 10000 100 54035 2081812923 58297 55340
0b004901 0b009d01 10000 100 79478 2081815494 80120 76654
0b008901 0b00a201 10000 100 26310783 2056632244 25269940 22068968
0b000401 0b00a401 10000 100 39362 2081896259 42381 43025
0b009d01 0b00cb01 10000 100 522362 2081181475 924884 447972
0b00bb01 0b001e01 10000 100 1519223 2080845034 1282834 1283746
0b00f101 0b004901 10000 100 41296 2082087102 47721 44649
0b008a01 0b006601 10000 100 19292 2082169185 25565 26201
0b003701 0b007901 10000 100 577445 2081745455 515262 494151
0b004701 0b002301 10000 100 49312 2082225887 50707 51369
0b005201 0b00bb01 10000 100 688 2082290393 9586 10588
0b001d01 0b00cf01 10000 100 1964625 2078998923 3302113 1657156
0b005001 0b00d301 10000 100 3986 2082393322 12699 13342
0b005101 0b008801 10000 100 4697019 2076491750 6160415 3948018
0b005101 0b005201 10000 100 737618 2081584701 1152384 624033
0b00fd01 0b00de01 10000 100 1678387 2081077356 1804909 1417183
0b000601 0b000a01 10000 100 40329 2082849471 38753 39437
0b002201 0b00cf01 10000 100 3885004 2078020678 4911419 3267225
0b00da01 0b004f01 10000 100 9403426 2074946134 8149879 7893854
0b00d601 0b009501 10000 100 218826 2083030055 192917 193470
0b00df01 0b004601 10000 100 42954 2083280511 45571 46014
0b001701 0b002f01 10000 100 33175 2083372638 42335 37845
0b004801 0b005501 10000 100 40808 2083414161 43576 44220
0b008201 0b005f01 10001 100 3975 2083459756 26923 13333
0b00c301 0b00cb01 10000 100 56047 2083648683 51935 52626
0b001201 0b00b101 10000 100 18819418 2057020930 26680923 15788222
0b008f01 0b00fc01 10000 100 1925111 2082109330 1622649 1624047
0b007d01 0b009c01 10000 100 71898 2083739857 118230 70283
0b00e101 0b006801 10000 100 257417 2083223146 671935 225840
0b007a01 0b00a701 10000 100 15221 2083945225 22157 22791
0b004601 0b004401 10000 100 8407 2083980738 11999 12671
0b004501 0b006001 10000 100 9295 2084035440 23892 17820
0b00eb01 0b00bf01 10000 100 980039 2083284322 831192 831701
0b007f01 0b00b501 10001 100 1714046 2082611298 1517078 1447092
0b001c01 0b003e01 10000 100 53713 2084126733 54585 55044
0b00fe01 0b00de01 10000 100 70913 2084129674 68884 69456
0b00e501 0b006801 10000 100 662304 2082917775 1353898 565302
0b00ab01 0b005f01 10000 100 6917269 2070719654 13560864 5809466
0b00f701 0b00aa01 10000 100 6069 2084266630 14493 15124
0b002701 0b00ba01 10000 100 9400607 2076403093 7897237 7891484
0b003801 0b00c401 10000 100 1752214 2082894189 1555603 1479086
0b00df01 0b005801 10000 100 79367 2084375876 76103 76565
0b005101 0b000001 10000 100 517472 2084064289 443378 443868
0b001701 0b008001 10000 100 190232 2084435254 180332 169520
0b001801 0b000901 10000 100 1630432 2081805661 2817408 1376976
0b006801 0b00f601 10000 100 7964 2084623387 23412 16678
0b006701 0b00e101 10000 100 861 2084646075 9932 10727
0b007401 0b009001 10000 100 20049 2084692090 26385 26845
0b008d01 0b00c301 10000 100 71161 2084756821 69037 69693
0b003e01 0b008601 10000 100 27741 2084978555 55568 33268
0b000e01 0b005601 10000 100 15161676 2067135894 17924762 12721561
0b00ea01 0b003301 10000 100 105481 2084888654 185603 98455
0b004001 0b00f001 10000 100 22527 2085061317 29702 28904
0b001901 0b003901 10000 100 46892 2085143927 49108 49318
0b00bc01 0b003701 10000 100 427493 2084930142 367803 368429
0b000901 0b004001 10000 100 6202169 2078522442 6779167 5209930
0b005501 0b001c01 10000 100 7491 2085334818 16250 16300
0b005f01 0b004201 10000 100 6332 2085381762 15743 15334
0b008901 0b006101 10000 100 7530455 2076264920 9134620 6323554
0b009f01 0b003401 10000 100 2004 2085396124 12733 11718
0b00ba01 0b00b301 10000 100 26591 2085406314 27231 27909
0b004301 0b007801 10000 100 45832 2085418590 48280 48432
0b006b01 0b005801 10000 100 390714 2085220806 337299 337585
0b007601 0b00fe01 10000 100 574064 2084642963 970983 491331
0b00ae01 0b003401 10000 100 21944516 2064130834 21498821 18408300
0b003001 0b00b101 10000 100 56394 2085583025 56653 57304
0b00eb01 0b001201 10000 100 50212 2085752954 54589 52128
0b005401 0b00a301 10000 100 15284333 2068788860 17024985 12824410
0b00cf01 0b00c201 10000 100 23133 2085960324 25384 25028
0b00f701 0b00ab01 10000 100 844039 2085307887 716713 717679
0b006f01 0b005601 10000 100 1299331 2084683657 1341078 1099384
0b004d01 0b006f01 10001 100 7895702 2079356322 6687721 6629768
0b003101 0b000901 10000 100 3973434 2081204706 4869012 3341348
0b00e401 0b00da01 10000 100 41657 2086098725 47196 44938
0b006801 0b008301 10000 100 4552673 2081443204 4800841 3826973
0b002601 0b000101 10000 100 4652914 2082602849 3908823 3911006
0b00b901 0b007301 10000 100 1372186 2085445977 1159295 1160472
0b001a01 0b009501 10000 100 30360 2086651353 34838 35478
0b002801 0b003301 10000 100 42209 2086727372 44773 45418
0b009d01 0b00f101 10000 100 29938207 2051843857 34939481 25110223
0b007301 0b001301 10000 100 9374 2086858240 17251 17883
0b00b701 0b001401 10000 100 758617 2086676622 645161 646039
0b000501 0b00bf01 10000 100 574404 2086887017 490807 491603
0b00c201 0b00e401 10000 100 7853886 2081019861 6594071 6594702
0b008401 0b008201 10000 100 1217919 2086752324 1025551 1026706
0b004501 0b004c01 10000 100 4489856 2081071011 6814013 3769900
0b006f01 0b007e01 10001 100 788 2087951272 9786 10668
0b000701 0b004b01 10000 100 9553929 2070389787 17606453 8020016
0b006401 0b00e801 10000 100 4243878 2080909886 7122054 3568072
0b000e01 0b00d701 10000 100 9790119 2074639850 13415074 8218069
0b00f001 0b001f01 10000 100 4422 2088405376 12833 13729
0b007901 0b004c01 10000 100 12541807 2069207929 19333672 10525058
0b00db01 0b00f101 10000 100 47573 2088600915 49254 49901
0b002e01 0b00f201 10000 100 17012271 2074282123 14532804 14273116
0b004f01 0b003901 10000 100 21091 2088797660 37336 27717
0b001c01 0b002b01 10000 100 4642204 2084950249 3899945 3902054
0b006101 0b00d001 10000 100 3475 2088925845 12146 12933
0b00d501 0b005701 10000 100 727714 2088382826 619468 620126
0b007d01 0b001e01 10000 100 63627 2088982775 65619 63359
0b00c201 0b008f01 10000 100 23839 2089166588 29552 29992
0b003501 0b001e01 10000 100 24545 2089378063 31039 30596
0b007a01 0b005001 10000 100 50338 2089320161 93755 52228
0b00f201 0b00c301 10000 100 835628 2088889093 709642 710604
0b005401 0b00b601 10000 100 24362 2089597984 30892 30449
0b006201 0b002d01 10000 100 220 2089972754 8866 10214
0b004301 0b004901 10000 100 1414677 2088845257 1190443 1191677
0b000f01 0b001a01 10000 100 38077 2089985084 73152 41959
0b00f101 0b007401 10000 100 50703 2089984792 83977 52520
0b000e01 0b006701 10000 100 684741 2088954698 1157146 584096
0b00fc01 0b001c01 10000 100 78311 2090056215 75033 75682
0b006101 0b00bf01 10000 100 96602 2090077201 90339 91006
0b002201 0b00c301 10000 100 76302 2090254035 73339 73998
0b00ad01 0b003b01 10000 100 3588044 2087377240 3016275 3018252
0b007801 0b00ac01 10000 100 133872 2090321181 121750 122243
0b007901 0b004b01 10000 100 9948352 2071333921 19252896 8350723
0b00f701 0b000401 10000 100 25284 2090828050 30587 31225
0b002f01 0b006501 10000 100 27388125 2067946979 22975207 22972237
0b00a701 0b009701 10000 100 4094 2090938675 12837 13467
0b00ab01 0b005001 10000 100 3902780 2087702258 3322118 3282099
0b006901 0b008901 10000 100 26315 2091016892 31615 32088
0b003701 0b002101 10000 100 9066 2091034791 17005 17636
0b00fd01 0b009501 10000 100 36232 2091015957 39763 40406
0b004601 0b00b201 10000 100 20306 2091333536 26415 27051
0b00f601 0b00db01 10000 100 209286 2091206114 184782 185492
0b001901 0b008401 10000 100 11099 2091419475 18871 19340
0b005201 0b002e01 10000 100 7734092 2084451156 7057427 6494297
0b00d001 0b008601 10000 100 20045214 2074698987 16842441 16815937
0b002401 0b003601 10000 100 2198670 2087869317 3693704 1853377
0b009f01 0b00e701 10001 100 2379887 2089589049 2003831 2005301
0b001a01 0b00d701 10000 100 20869 2091572065 27046 27501
0b002601 0b00cb01 10000 100 26880 2091597038 31902 32540
0b006801 0b008201 10000 100 3232758 2088957246 2874076 2720353
0b001a01 0b005701 10000 100 8370 2091982413 16410 17041
0b007c01 0b00ed01 10000 100 771821 2091473756 656165 657101
0b005a01 0b000901 10000 100 3661334 2089258109 3077689 3079688
0b001601 0b000b01 10000 100 77326 2092929189 74197 74856
0b00ea01 0b005f01 10000 100 19891029 2066395454 26726722 16686676
0b00fc01 0b008901 10000 100 136774 2093050525 123997 124680
0b004301 0b009c01 10000 100 185842 2093002212 320879 165816
0b00ae01 0b004b01 10000 100 8082882 2080349439 13171121 6786692
0b009801 0b00fc01 10000 100 401369 2093176962 345743 346532
0b006701 0b009401 10000 100 8747 2093506765 17912 17343
0b007601 0b003901 10000 100 4351224 2086292407 7301192 3658096
0b00e201 0b00f101 10000 100 27424 2093607356 32375 33014
0b006101 0b005c01 10000 100 1713 2093876693 10906 11447
0b007f01 0b00b101 10000 100 141191 2094226230 135482 128405
0b00bf01 0b009e01 10000 100 2190 2094387795 11345 11867
0b00cf01 0b007401 10000 100 93757 2094245266 166662 88615
0b001a01 0b009001 10000 100 1167 2094581419 10381 11010
0b003401 0b00cd01 10000 100 5250 2094748370 13800 14430
0b001401 0b006f01 10000 100 1732083 2093313220 1460892 1462213
0b003701 0b005e01 10000 100 6813 2094962129 15190 15719
0b00bb01 0b003001 10000 100 21794 2095132771 45396 28280
0b00fc01 0b009b01 10000 100 1041700 2094313630 882328 883372
0b000901 0b007501 10000 100 1613393 2093944742 1361540 1362692
0b006b01 0b004501 10000 100 9372 2095342309 17338 17881
0b008e01 0b001c01 10000 100 33083 2095332062 37130 37772
0b007401 0b000801 10000 100 25689 2095680334 34304 31549
0b001a01 0b006001 10000 100 228156 2095548565 200599 201318
0b005001 0b005101 10000 100 21118 2096121274 39952 23339
0b008d01 0b007f01 10000 100 2332820 2094206484 1970956 1965843
0b00d101 0b006701 10000 100 9374501 2087796503 8439469 7869600
0b00c301 0b001101 10000 100 955047 2095514113 809737 810748
0b003e01 0b008b01 10000 100 9009098 2088910958 7559143 7563262
0b000b01 0b001501 10000 100 1909313 2094877133 1609402 1610794
0b00d501 0b005301 10000 100 50712 2096492351 51879 52528
0b001001 0b00a701 10000 100 2716083 2094306270 2285825 2287199
0b005301 0b002201 10000 100 21506 2096573562 27413 28049
0b005201 0b000201 10000 100 6935921 2090823577 6159597 5825079
0b00a601 0b003601 10000 100 9900201 2086933181 10148269 8310359
0b00b601 0b00ef01 10000 100 8780151 2088258925 8850430 7371311
0b00ed01 0b007b01 10000 100 54739 2097097832 55541 55903
0b007c01 0b00e601 10000 100 38077 2097139679 41315 41959
0b005001 0b009001 10000 100 1719417 2095721946 1468019 1451581
0b00b501 0b003801 10000 100 27224142 2074289885 23077754 22834753
0b000f01 0b007401 10000 100 13990229 2085651658 11855609 11739437
0b006a01 0b00ff01 10000 100 39224 2097576870 42271 42915
0b007d01 0b00f401 10000 100 606217 2097336010 517411 518282
0b006201 0b005f01 10000 100 31242 2097845345 35581 36222
0b001201 0b006801 10000 100 29193722 2062034473 36090770 24486027
0b007101 0b00a801 10000 100 26926 2098396461 31939 32577
0b006701 0b00ae01 10000 100 30382 2098460890 34855 35496
0b006c01 0b000801 10000 100 1392139 2097324798 1176017 1177202
0b004801 0b00af01 10000 100 49730 2098618668 51056 51704
0b00c301 0b005101 10000 100 1488152 2097555766 1256475 1257699
0b008e01 0b007401 10000 100 398 2098952632 9129 10356
0b00c401 0b000501 10000 100 2940355 2096525934 2473414 2475218
0b00bb01 0b00b601 10000 100 8331926 2092617806 7166804 6991089
0b007601 0b001701 10000 100 28755231 2071593512 28912978 24118415
0b006401 0b009c01 10000 100 29867082 2075277523 28853357 25050596
0b001e01 0b00d901 10000 100 24298030 2085026066 20375964 20381505
