0b00aa01 0b00a201 10000 100 22522 2000031702 23964 24629 0 84396
0b003301 0b00c801 10000 100 71808 2000059434 71021 70614 0 466895
0b006c01 0b00bd01 10000 100 65037 2000139465 64255 64933 0 401204
0b002d01 0b005501 10000 100 132753 2000208885 122400 122054 0 954380
0b006601 0b009001 10000 100 7319 2000325678 15605 16207 0 48304
0b00a601 0b005501 10000 100 58324 2000337474 59675 59255 0 407769
0b00b701 0b005c01 10000 100 29088 2000347146 57641 34590 0 177830
0b007801 0b00aa01 10000 100 211520 2000260443 188810 188544 0 1497476
0b006801 0b00a801 10000 100 6541 2000489857 14921 15540 0 42123
0b000501 0b006901 10000 100 23278 2000481998 29060 29678 0 145967
0b00e801 0b00f201 10000 100 26737 2000508473 31938 32577 0 164400
0b004801 0b00b401 10000 100 37092 2000498676 41786 41345 0 271990
0b00b201 0b005a01 10000 100 5931 2000580605 17528 15008 0 42789
0b009101 0b004901 10000 100 65250 2000544217 68108 65104 0 403469
0b000001 0b007001 10000 100 6846 2000665899 18920 15784 0 50572
0b008001 0b001801 10000 100 5671 2000680270 14200 14800 0 36121
0b00d701 0b00b301 10000 100 208049 2000577559 185905 185635 0 1499421
0b009901 0b003f01 10000 100 64609 2000744586 63870 64547 0 396326
0b00be01 0b003201 10000 100 57445 2000755101 61364 58508 0 359468
0b001101 0b005801 10000 100 171661 2000704335 154130 154896 0 1049961
0b00f501 0b005d01 10000 100 53714 2000831761 55772 55347 0 387208
0b001a01 0b006a01 10000 100 29481 2000906951 34280 34904 0 182765
0b00cb01 0b00f801 10000 100 677726 2000377294 588557 582012 2 4904567
0b000001 0b001001 10000 100 151849 2000841739 138494 138167 0 1090858
0b00d901 0b001d01 10000 100 36996 2000950587 46215 41224 0 250094
