0b004801 0b006001 10000 100 931 2000077307 10072 10783
0b005201 0b007701 10000 100 97580 2000045908 91160 91827
0b004901 0b007d01 10000 100 3409 2000147179 12251 12880
0b007c01 0b006901 10000 100 173571 2000023710 154827 155538
0b007e01 0b003b01 10000 100 47764 2000141814 49595 50054
0b005d01 0b001401 10000 100 60275 2000101385 91754 60562
0b005d01 0b001401 10001 100 41686 2000119038 77202 44961
0b003101 0b003701 10000 100 62424 2000152062 57265 57958
0b006301 0b007601 10000 100 50101 2000160580 51377 52039
0b003f01 0b000f01 10000 100 2450 2000202142 11446 12075
0b007a01 0b000701 10000 100 161430 2000089691 144672 145364
0b001001 0b003601 10000 100 21801 2000217303 27649 28285
0b005501 0b006f01 10000 100 74935 2000121054 128230 72828
0b007f01 0b007301 10000 100 67215 2000250395 65728 66383
0b004801 0b003101 10000 100 24967 2000296028 30295 30933
0b004001 0b002501 10000 100 9356 2000322388 17237 17868
0b002101 0b007f01 10000 100 8905 2000345516 16838 17469
0b001401 0b005c01 10000 100 4446 2000373481 13119 13748
0b003201 0b005401 10000 100 9259 2000432615 24008 17791
0b001f01 0b001a01 10000 100 16828 2000466899 19040 19715
0b007c01 0b001801 10000 100 35233 2000462186 38926 39568
0b000501 0b001201 10000 100 1334 2000493200 11137 11144
0b000d01 0b007401 10000 100 48548 2000472197 69932 50720
0b004a01 0b007401 10000 100 69476 2000408756 141160 68268
0b005501 0b000001 10000 100 5039 2000544864 17404 14261
0b007201 0b001b01 10000 100 16088 2000539863 35858 23523
0b001501 0b003e01 10000 100 2245 2000575158 12214 11911
0b000501 0b004401 10000 100 700 2000602808 9416 10598
0b006101 0b005c01 10000 100 17248 2000679804 23840 24489
0b003701 0b004c01 10000 100 54465 2000691509 55226 55684
0b000501 0b006d01 10000 100 3734 2000740403 13452 13140
0b000301 0b006901 10000 100 70873 2000750637 68768 69424
0b006f01 0b006b01 10000 100 1236 2000816459 6550 6665
0b001401 0b005601 10000 100 72842 2000774724 70419 71076
0b001801 0b004701 10000 100 26366 2000799513 46853 32129
0b000601 0b005201 10000 100 65933 2000854198 70492 65280
0b004a01 0b003201 10000 100 124311 2000723188 252123 114248
0b003001 0b004e01 10000 100 1381 2000972162 10933 11181
0b005201 0b002c01 10000 100 31934 2000957910 55917 36776
0b003401 0b007101 10000 100 187156 2000860204 166323 166944
0b006e01 0b001501 10000 100 624830 2000496499 533305 533864
0b002701 0b003501 10000 100 37959 2000962938 82683 41826
0b007c01 0b002c01 10000 100 78444 2000964767 95656 75788
0b002201 0b005a01 10000 100 600 2001054089 9410 10518
0b001e01 0b005201 10000 100 69018 2000999259 73624 67902
0b002a01 0b003801 10000 100 668225 2000460671 617126 570269
0b000601 0b003a01 10000 100 222778 2000432439 647638 196785
0b005201 0b000601 10000 100 29990 2001055539 35350 35144
0b001501 0b003901 10000 100 33500 2001098781 37212 38105
0b001101 0b003c01 10000 100 13089 2001161944 20682 21008
0b003701 0b000601 10000 100 40686 2001154210 43479 44123
0b001201 0b004e01 10000 100 155751 2001057620 147416 140591
0b005d01 0b000101 10000 100 57857 2001148848 60599 58512
0b001d01 0b006e01 10000 100 70608 2001186858 75487 69212
0b001601 0b001d01 10000 100 29452 2001219708 43769 34713
0b004c01 0b001101 10000 100 5204 2001268887 17602 14393
0b006a01 0b002e01 10000 100 9120 2001279857 17399 17680
0b003f01 0b001a01 10000 100 86 2001294829 8689 10107
0b004e01 0b000c01 10000 100 9485 2001284667 24283 17972
0b001201 0b007601 10000 100 31071 2001316162 36344 36085
0b000101 0b006101 10000 100 154877 2001092202 271940 139853
0b003301 0b001301 10000 100 49173 2001290989 104310 51258
0b001401 0b007501 10000 100 26325 2001350856 52488 32096
0b000401 0b007f01 10000 100 576367 2000915822 492595 493250
0b005201 0b006801 10000 100 57601 2001396335 59149 58308
0b001a01 0b005201 10000 100 52975 2001373420 84742 54415
0b006101 0b002201 10000 100 249537 2001229869 230620 219229
0b003c01 0b001801 10000 100 88251 2001373635 87337 84018
0b005301 0b003801 10000 100 1208 2001448421 22137 11043
0b004d01 0b000701 10000 100 188119 2000998737 497682 167752
0b006801 0b002e01 10000 100 4359 2001486363 13049 13679
0b003501 0b005301 10000 100 937831 2000706881 837313 796284
0b007201 0b000b01 10000 100 1817825 2000027407 1546244 1534071
0b004201 0b000301 10000 100 4078 2001562804 13163 13454
0b007f01 0b005901 10000 100 8741 2001595023 16693 17338
0b005301 0b007d01 10000 100 181232 2001287887 326628 161974
0b002d01 0b005f01 10000 100 11625 2001602566 19363 19760
0b004b01 0b002101 10000 100 40704 2001589560 44011 44137
0b001301 0b005a01 10000 100 45998 2001554522 93535 48564
0b005101 0b001d01 10000 100 185032 2001196082 474959 165168
0b004001 0b006901 10000 100 48965 2001577488 117886 51053
0b000401 0b007501 10000 100 75925 2001549063 153401 73658
0b006b01 0b003901 10000 100 7160 2001706707 16250 16035
0b007401 0b004701 10000 100 2367 2001730283 11379 12008
0b007201 0b001b01 10001 100 5055 2001737165 13644 14274
0b006701 0b005e01 10000 100 6489 2001738565 14829 15460
0b001e01 0b007e01 10000 100 7695 2001759648 19803 16463
0b001a01 0b006f01 10000 100 66925 2001581441 208520 66112
0b003e01 0b000a01 10000 100 48424 2001740428 50085 50620
0b006401 0b003701 10000 100 1953 2001830065 11328 11639
0b003d01 0b002c01 10000 100 2342 2001844999 41840 11988
0b003501 0b007a01 10000 100 9631 2001901924 21910 18088
0b005601 0b001701 10000 100 71835 2001883472 73218 70232
0b005d01 0b005701 10000 100 47934 2001907338 50624 50190
0b007301 0b002001 10000 100 1166609 2000984199 987005 988100
0b001d01 0b007d01 10000 100 8923 2001920119 52198 17484
0b001d01 0b007101 10000 100 2865 2001984667 11778 12407
0b002a01 0b001c01 10000 100 23394 2001990607 29131 29636
0b007c01 0b005a01 10000 100 9890 2002036206 17852 18296
0b004b01 0b003a01 10000 100 34479 2001933995 121028 38927
0b000f01 0b004701 10000 100 308052 2001737187 332081 268307
0b003401 0b006801 10000 100 29006 2002045245 33722 34356
0b006c01 0b000c01 10000 100 2881 2002081088 12029 12420
0b004c01 0b001f01 10000 100 169036 2001799104 336049 151756
0b007001 0b004301 10000 100 1054139 2001224227 917772 893823
0b001c01 0b002b01 10000 100 75519 2002092962 96078 73333
0b004301 0b000301 10000 100 41785 2002154457 47879 45040
0b000901 0b002d01 10000 100 1915 2002114326 93245 11608
0b000101 0b001201 10000 100 1886152 2000492028 1796691 1591382
0b004801 0b002301 10000 100 1365138 2001096357 1203740 1154564
0b002b01 0b007501 10000 100 1981137 2000208113 2092777 1671018
0b007d01 0b006101 10000 100 44271 2002258331 46759 47144
0b003d01 0b006301 10000 100 1332114 2000401522 1907526 1126878
0b004f01 0b000701 10000 100 1356459 2000651115 1704579 1147276
0b003c01 0b005d01 10000 100 27984 2002324372 33625 33462
0b006101 0b002401 10000 100 1410 2002356853 11414 11204
0b003201 0b001b01 10000 100 5775 2002346827 22913 14850
0b006001 0b005601 10000 100 1577 2002369725 12403 11338
0b001801 0b006801 10000 100 60836 2002303673 110526 61011
0b002201 0b001f01 10000 100 138168 2002119001 356591 125872
0b006e01 0b000301 10000 100 20930 2002454719 26972 27550
0b006301 0b005f01 10000 100 74166 2002427566 72500 72212
0b005e01 0b001001 10000 100 207361 2002324926 183206 183876
0b003e01 0b000801 10000 100 49019 2002425484 107357 51135
0b002a01 0b007601 10000 100 2729 2002553123 11831 12298
0b002101 0b006201 10000 100 30179 2002531267 43588 35333
0b000501 0b002f01 10000 100 141386 2002375396 245677 128561
0b004401 0b006e01 10000 100 4005 2002628040 12807 13396
0b004101 0b002701 10000 100 24045 2002615055 30550 30196
0b003101 0b007201 10000 100 56651 2002483273 162896 57509
0b005301 0b000b01 10000 100 65770 2002438383 228858 65150
0b004401 0b005b01 10000 100 13912 2002676020 22099 21667
0b006d01 0b002301 10000 100 6661 2002680815 31619 15597
0b000c01 0b002e01 10000 100 48162 2002678105 49951 50411
0b003301 0b006401 10000 100 67310 2002687604 68000 66459
0b004101 0b003601 10000 100 23323 2002748781 77788 29580
0b000e01 0b002401 10000 100 1745833 2000293797 2538481 1473712
0b004301 0b007501 10000 100 69524 2002746206 87000 68307
0b004d01 0b003f01 10000 100 623793 2002299268 535628 532996
0b004501 0b005d01 10000 100 4455 2002827448 13461 13756
0b007f01 0b003901 10000 100 47877 2002791649 49872 50144
0b005801 0b002a01 10000 100 30857 2002795787 52995 35876
0b007b01 0b001101 10000 100 9527 2002783717 76689 18005
0b005a01 0b001701 10000 100 72176 2002795702 71959 70544
0b003e01 0b005b01 10000 100 26346 2002795998 72393 32113
0b004001 0b002501 10001 100 845778 2001503346 1394924 719108
0b000b01 0b004801 10000 100 49394 2002788098 115079 51435
0b007401 0b003a01 10000 100 17727 2002715969 192885 24872
0b002801 0b003701 10000 100 140388 2002805148 133998 127724
0b002501 0b007301 10000 100 33886 2002861261 94400 38414
0b003e01 0b002601 10000 100 682914 2002105236 851758 582558
0b002a01 0b004401 10000 100 165655 2002816863 149247 148898
0b001a01 0b004201 10000 100 449702 2001827719 1139244 387041
0b005301 0b004a01 10000 100 51117 2002651567 318401 52890
0b004801 0b002601 10000 100 1642 2002898780 71935 11390
0b003901 0b007401 10000 100 124241 2002855837 120156 114192
0b006e01 0b001101 10000 100 57410 2002891920 85440 58155
0b006001 0b007d01 10000 100 34243 2002871348 114168 38738
0b001601 0b002801 10000 100 20325 2002966196 43261 27066
0b005101 0b004601 10000 100 1691123 2000413165 2653165 1427871
0b003a01 0b001101 10000 100 197065 2002578268 529274 175255
0b000601 0b001e01 10000 100 163178 2003000188 149107 146840
0b001601 0b005201 10000 100 22461 2003117560 55973 28852
0b004a01 0b007701 10000 100 2979304 2000392045 2808547 2507875
0b000701 0b004601 10000 100 14828 2003155717 49053 22438
0b006201 0b006801 10000 100 10532 2003205647 18262 18848
0b004301 0b000c01 10000 100 21438 2003228104 36208 27995
0b007d01 0b003701 10000 100 22382 2003237271 49672 28788
0b004701 0b006501 10000 100 622957 2002341224 1001757 532288
0b000701 0b001d01 10000 100 922644 2001699304 1653701 783558
0b002401 0b001d01 10000 100 17850 2003298345 78152 24971
0b000901 0b001301 10000 100 22309 2003348287 59034 28730
0b005001 0b004701 10000 100 138606 2003287320 132753 126222
0b003101 0b004c01 10000 100 19086 2003372237 58569 26036
0b002701 0b002301 10000 100 43999 2003360616 80707 42488
0b001a01 0b007801 10000 100 863883 2001628766 1865961 734284
0b003001 0b006c01 10000 100 351108 2002945079 576281 304403
0b004501 0b004601 10000 100 708 2003524222 5766 6204
0b007201 0b004e01 10000 100 1261527 2002385215 1163047 1067682
0b003501 0b006b01 10000 100 309162 2002600854 981216 269233
0b007801 0b005601 10000 100 103553 2003406019 187454 96836
0b005001 0b004901 10000 100 25109 2003557674 40920 31085
0b005e01 0b006001 10000 100 59862 2003456936 154389 60193
0b004401 0b007301 10000 100 44115 2003508479 111836 47020
0b004001 0b000901 10000 100 986504 2001742203 1905335 837104
0b003c01 0b003201 10000 100 27501 2003614039 55785 33076
0b000601 0b004001 10000 100 3095 2003697278 14500 12629
0b001501 0b007801 10000 100 67638 2003540811 175315 66721
0b007c01 0b004201 10000 100 31799 2003672992 51283 36668
0b003701 0b005401 10000 100 1582450 2001472700 2252310 1336747
0b002901 0b003a01 10000 100 9112 2003649671 84247 17673
0b004001 0b001b01 10000 100 771926 2002513797 1222714 657185
0b005601 0b002e01 10000 100 43611 2003660398 83326 46578
0b003801 0b003c01 10000 100 25710 2003637824 123395 27166
0b006d01 0b001101 10000 100 256546 2002760789 1011314 225105
0b004f01 0b005901 10000 100 30385 2003732062 40783 35498
0b004401 0b000f01 10000 100 57618 2003635823 138181 58321
0b000a01 0b001201 10000 100 42738 2003713206 98577 45841
0b003601 0b002a01 10000 100 733733 2003189588 624606 625172
0b006001 0b005b01 10000 100 663190 2002717270 1107798 566049
0b002e01 0b006f01 10000 100 20437 2003741843 91423 27156
0b005b01 0b001d01 10000 100 1160557 2001572696 2280792 983028
0b000b01 0b001701 10000 100 232551 2003627703 226650 204988
0b003201 0b003501 10000 100 3612887 2000355664 3550190 3034648
0b006a01 0b001601 10000 100 159830 2003759345 149810 144008
0b002c01 0b007f01 10000 100 823798 2003214809 700243 700680
0b006d01 0b007201 10000 100 188228 2003044510 878419 167840
0b003701 0b005a01 10000 100 122769 2003698502 227099 112938
0b005101 0b007c01 10000 100 1615402 2000907833 3020097 1364376
0b000301 0b001801 10000 100 45357 2003890594 56266 48052
0b004a01 0b001801 10000 100 425103 2003428012 522439 366440
0b003f01 0b006b01 10000 100 370469 2002634006 1327695 320621
0b007401 0b000901 10000 100 8747 2003859645 107989 17343
0b003701 0b003c01 10000 100 1222264 2001920376 2055552 1034774
0b003301 0b005001 10000 100 3349 2003917520 68981 12832
0b001501 0b006701 10000 100 31093 2003966651 47396 36103
0b001f01 0b006d01 10000 100 68893 2003898822 158876 67764
0b002f01 0b005201 10000 100 294106 2003447095 626286 256612
0b005f01 0b002501 10000 100 1841 2004065701 16023 11549
0b004601 0b000b01 10000 100 1493706 2002811818 1278701 1262334
0b006e01 0b002d01 10000 100 7502 2004065355 28661 16308
0b000b01 0b006901 10000 100 35347 2004042398 53263 39660
0b002201 0b005301 10000 100 32036 2003967654 132744 36896
0b004d01 0b005c01 10000 100 32771 2004020645 111150 37484
