0b00aa01 0b00a201 10000 100 22522 2000031702 23964 24629 0 84396
0b003301 0b00c801 10000 100 71808 2000059434 69948 70614 0 433683
0b006c01 0b00bd01 10000 100 65037 2000139465 64003 64933 0 385594
0b002d01 0b005501 10000 100 132753 2000208885 121327 122054 0 811901
0b006601 0b009001 10000 100 7319 2000325678 15605 16207 0 48304
0b00a601 0b005501 10000 100 58324 2000337474 58602 59255 0 359714
0b00b701 0b005c01 10000 100 29088 2000347146 57621 34590 0 174048
0b007801 0b00aa01 10000 100 211520 2000260443 187737 188544 0 1288544
0b006801 0b00a801 10000 100 6541 2000489857 14669 15540 0 40611
0b000501 0b006901 10000 100 23278 2000481998 29060 29678 0 145967
0b004801 0b00b401 10000 100 37092 2000498676 40857 41345 0 236774
0b00e801 0b00f201 10000 100 26737 2000508473 31686 32577 0 157848
0b00b201 0b005a01 10000 100 5931 2000580605 14408 15008 0 36581
0b009101 0b004901 10000 100 65250 2000544217 64443 65104 0 402396
