0b006101 0b003e01 10000 100 23014 2000017115 30230 29467
0b00ac01 0b006c01 10000 100 66204 2000035738 70225 65911
0b002501 0b003a01 10000 100 1202 2000272328 10367 11049
0b003201 0b000101 10000 100 3135 2000292514 12357 12684
0b00cd01 0b00b001 10000 100 236434 2000152287 227552 209575
0b00d001 0b001401 10000 100 36316 2000423908 42729 40680
0b00dc01 0b000101 10000 100 48099 2000443783 53993 50635
0b00fa01 0b009e01 10000 100 7805 2000600401 16401 16596
0b000101 0b00ab01 10000 100 6557 2000624581 15326 15553
0b00cf01 0b007901 10000 100 8334 2000630922 16901 17063
0b00ff01 0b005901 10000 100 33390 2000950265 39977 38208
0b00fe01 0b003801 10000 100 62487 2001012282 66885 62761
0b003c01 0b00a301 10000 100 66926 2001009988 70820 66488
0b009b01 0b00c801 10000 100 38986 2001205763 45192 42904
0b006501 0b003001 10000 100 42167 2001229557 51574 45625
0b002001 0b00d101 10000 100 54110 2001291133 59222 55708
0b006f01 0b004c01 10000 100 78624 2001267195 122042 76375
0b005f01 0b003601 10000 100 15041 2001384165 22892 22736
0b005101 0b00e501 10000 100 44652 2001397057 50173 47701
0b007601 0b00fc01 10000 100 47669 2001409375 95098 50247
0b003501 0b00e301 10000 100 788038 2000788790 814993 675146
0b009f01 0b006201 10000 100 905477 2000834098 901982 774245
0b00c801 0b006e01 10000 100 2861 2001757877 11771 12420
0b005e01 0b001001 10000 100 65884 2001792996 69883 65611
0b00b101 0b005301 10000 100 13745 2001867789 22685 21612
0b009701 0b000501 10000 100 166689 2001928453 162941 150699
0b008a01 0b007001 10000 100 7450 2002136908 17625 16312
0b00c101 0b00a201 10000 100 70650 2002197119 74234 69644
0b00ef01 0b001201 10000 100 40529 2002352549 46659 44227
0b002b01 0b00e501 10000 100 6609 2002437465 20863 15595
0b002b01 0b00db01 10000 100 1087738 2001317204 1154538 928062
0b00b101 0b00c301 10000 100 125593 2002632272 125114 116018
0b007001 0b007e01 10000 100 2616 2002808422 7383 7824
0b004201 0b004601 10000 100 47609 2002817460 48827 45799
0b005c01 0b004101 10000 100 1689067 2001178338 1701419 1435613
0b003901 0b008e01 10000 100 1416112 2001323794 1735153 1205237
0b005401 0b007101 10000 100 721904 2002303418 765856 619291
0b00fe01 0b002f01 10000 100 13577 2003088169 31777 21477
0b007101 0b007201 10000 100 48765 2003174046 49859 46768
0b007901 0b000301 10000 100 11546 2003235089 19702 19764
0b002b01 0b005701 10000 100 24820 2003327650 31796 30956
0b006001 0b007a01 10000 100 60179 2003512216 64749 60827
0b00c601 0b00a901 10000 100 1458224 2002234746 1478616 1240775
0b00bf01 0b00d901 10000 100 49142 2003756103 54619 51513
0b004901 0b001c01 10000 100 2361 2003815175 11801 12020
0b001101 0b001f01 10000 100 744973 2003193696 692284 634358
0b00bd01 0b00c601 10000 100 57125 2003868887 92767 58252
0b003901 0b00de01 10000 100 1275805 2002398068 1573424 1086788
0b007501 0b004a01 10000 100 165484 2003838388 161855 149691
0b00bb01 0b002101 10000 100 76418 2003993805 79394 74522
0b007901 0b001e01 10000 100 6352 2004086660 15173 15389
0b001b01 0b002c01 10000 100 20456 2004099464 27816 27288
0b00f401 0b00ac01 10000 100 142049 2004051775 189894 129931
0b001301 0b002c01 10000 100 145019 2004125091 143198 132439
0b00d601 0b006f01 10000 100 3063305 2001152241 3324038 2595460
0b007601 0b002601 10000 100 52019 2004452274 57341 53947
0b009e01 0b00e301 10000 100 34801 2004519358 41291 39380
0b006c01 0b004901 10000 100 140899 2004338506 257608 128923
0b00ee01 0b00a701 10000 100 147073 2004449397 193084 134170
0b00a001 0b002601 10000 100 195854 2004643580 190073 175307
0b009301 0b00da01 10000 100 28638 2004800341 35438 34186
0b00ff01 0b00ef01 10000 100 3184 2004831917 12581 12723
0b00ec01 0b00b701 10000 100 2323 2004858700 11630 11990
0b001701 0b007701 10000 100 14736 2004885203 22498 22448
0b006501 0b009a01 10000 100 6141 2005042042 14993 15220
0b006b01 0b00e901 10000 100 33100 2005069200 39745 37976
0b000401 0b003701 10000 100 23980 2005073968 51205 30240
0b000101 0b006301 10000 100 5676 2005128680 14254 14804
0b003001 0b003201 10000 100 4826274 2000684923 4464572 4079007
0b007001 0b00d301 10000 100 4011 2005139976 13140 13428
0b007301 0b009301 10000 100 29356 2005125269 36107 34804
0b005701 0b009101 10000 100 31424 2005165403 38119 36547
0b002e01 0b007401 10000 100 26851 2005186705 60987 32668
0b000901 0b009701 10000 100 590 2005261277 9406 10516
0b005301 0b003701 10000 100 4766042 2000461060 4859802 4032581
0b00b901 0b00a801 10000 100 3610776 2001635663 3700278 3057504
0b007c01 0b005201 10000 100 4760 2005359947 13734 14028
0b008e01 0b006a01 10000 100 1359893 2004063587 1381385 1157754
0b009901 0b000901 10000 100 27183 2005412354 34203 32978
0b008b01 0b006d01 10000 100 19401 2005468018 78092 26400
0b008701 0b00f601 10000 100 73158 2005508627 126301 71782
0b000701 0b00f401 10000 100 367253 2005226007 422408 319994
0b00c101 0b00e701 10000 100 16356 2005675489 24061 23832
0b003b01 0b008c01 10000 100 1437108 2004347011 1456977 1222958
0b008801 0b006601 10000 100 2575079 2003179579 2631442 2183407
0b001f01 0b00f801 10000 100 76136 2005745237 79313 74296
0b000b01 0b001901 10000 100 31600 2005806085 38072 36688
0b000c01 0b00ef01 10000 100 5281 2005919699 14419 14488
0b00f901 0b002501 10000 100 44494 2005862953 89087 47575
0b007001 0b003701 10000 100 573859 2005472904 579434 494343
0b00e601 0b00e301 10000 100 8567 2006051360 12606 12849
0b007d01 0b00cc01 10000 100 1057402 2004964525 1099911 902473
0b003f01 0b00e401 10000 100 385560 2005780629 413627 335432
0b009801 0b009301 10000 100 8213 2006243076 19047 12566
0b005601 0b00be01 10000 100 16997 2006296569 26012 24345
0b004001 0b00f101 10000 100 74653 2006357792 77902 73022
0b005701 0b003601 10000 100 6178 2006421385 15055 15250
0b001f01 0b00bd01 10000 100 184847 2006278819 192191 166017
0b00a301 0b00c601 10000 100 1511888 2005118638 1549202 1286038
0b005801 0b004c01 10000 100 1830179 2004755247 1916325 1554707
0b000201 0b003101 10000 100 58021 2006637704 62986 59012
0b00d601 0b009f01 10000 100 45475 2006660237 51356 48404
0b00ea01 0b007b01 10000 100 25119 2006709035 32153 31239
0b008601 0b00a001 10000 100 63512 2006739393 67546 63625
0b00cf01 0b004901 10000 100 9500 2006827839 25218 18040
0b006f01 0b00a601 10000 100 55030 2006781125 106256 56488
0b000301 0b009a01 10000 100 41485 2006844844 47683 45036
0b002901 0b004a01 10000 100 27558 2006923411 34436 33278
0b007001 0b00a801 10000 100 27043 2007026731 34070 32866
0b00b501 0b00da01 10000 100 31474 2007079696 38120 36587
0b004e01 0b007601 10000 100 7578 2007168080 22506 16414
0b00a701 0b001a01 10000 100 1931190 2005266567 2018478 1639960
0b005c01 0b006601 10000 100 55158 2007240095 60551 56590
0b005b01 0b00d701 10000 100 1824508 2005484998 1839907 1549906
0b00b001 0b006c01 10000 100 4457 2007367850 13997 13785
0b00c401 0b007301 10000 100 440114 2007383583 415642 381495
0b009b01 0b001801 10000 100 59430 2007784353 63730 60184
0b003201 0b004401 10000 100 123768 2007483398 410263 114470
0b007001 0b008601 10000 100 730077 2007307046 753035 626225
0b00ee01 0b00fe01 10000 100 7887 2008070624 22585 16661
0b00ab01 0b00fe01 10000 100 1666142 2006490493 1733553 1416261
0b003c01 0b009501 10000 100 1524214 2006672576 1563887 1296471
0b005401 0b002201 10000 100 25634 2008246293 32565 31651
0b000301 0b002601 10000 100 486714 2007791212 536076 420799
0b008301 0b007701 10000 100 76078 2008271065 79219 74250
0b001001 0b00f501 10000 100 36609 2008338823 45206 40915
0b00f501 0b00a401 10000 100 5858531 2002474852 5921224 4954620
0b00f401 0b001d01 10000 100 3977559 2004374523 4079778 3367079
0b007a01 0b007401 10000 100 4668253 2004157272 4349137 3945638
0b009c01 0b00f501 10000 100 38243 2008627208 44435 42310
0b003501 0b001501 10000 100 42291 2008697032 48242 45724
0b005e01 0b008901 10000 100 8936 2008758562 18786 17544
0b000b01 0b003201 10000 100 2376219 2006526989 2423065 2015563
0b00ac01 0b002d01 10000 100 87370 2009116837 89939 83768
0b005a01 0b006a01 10000 100 404853 2008786220 458147 351702
0b00f101 0b00ea01 10000 100 9571 2009287936 17678 18096
0b00ce01 0b00c201 10000 100 1452346 2008010941 1345157 1231408
0b00b001 0b00e101 10000 100 1048414 2008347157 1057011 894887
0b009801 0b00c301 10000 100 2706591 2006234645 3181585 2294380
0b004801 0b006d01 10000 100 36385 2009402487 42879 40736
0b009b01 0b004201 10000 100 52641 2009428869 57936 54444
0b00a801 0b00a601 10000 100 73713 2009431804 73188 67826
0b00b001 0b006501 10000 100 18152 2009585806 25550 25357
0b006d01 0b00a301 10000 100 30532 2009583813 37315 35789
0b00a101 0b000101 10000 100 1746132 2007875429 1757886 1483773
0b007d01 0b002c01 10000 100 4842 2009635224 13800 14093
0b002e01 0b00a201 10000 100 78388 2009801513 81751 76186
0b00e701 0b006901 10000 100 2252978 2007657637 2302684 1911514
0b00cb01 0b009201 10000 100 2051670 2007918130 2126185 1741624
0b00ba01 0b004401 10000 100 8524838 2001279554 8788575 7204970
0b001601 0b00dd01 10000 100 14179 2010141748 24074 22003
0b002301 0b001201 10000 100 205191 2010052560 198831 183216
0b004501 0b00f201 10000 100 2199363 2008222416 2275748 1866290
0b00dd01 0b005701 10000 100 642 2010577372 9591 10557
0b006201 0b002601 10000 100 1586 2010719427 10674 11356
0b009d01 0b004901 10000 100 7191111 2003308881 7442328 6079336
0b005701 0b008f01 10000 100 797752 2009943935 823385 683313
0b009801 0b00b701 10000 100 73467 2010713970 137887 72029
0b006401 0b00cb01 10000 100 5558 2010855782 14553 14710
0b006901 0b000401 10000 100 806396 2010065616 834717 690624
0b009e01 0b006501 10000 100 23712 2010932342 30837 30025
0b00ce01 0b000401 10000 100 23363 2010948414 30910 29746
0b000c01 0b005201 10000 100 2845 2011009109 11758 12408
0b003001 0b007601 10000 100 54050 2010969769 59352 55660
0b00c101 0b003c01 10000 100 2956612 2008013978 3028599 2505397
0b00f301 0b00b701 10000 100 21195 2011056260 28562 27924
0b009a01 0b004901 10000 100 1052 2011114128 10396 10929
0b009901 0b000a01 10000 100 69514 2011096576 80912 68691
0b002101 0b004701 10000 100 141640 2010997535 186291 129560
0b00ef01 0b00e501 10000 100 706 2011271743 5466 6208
0b002301 0b008401 10000 100 6255 2011264633 15092 15312
0b00fd01 0b00c001 10000 100 29407 2011325121 67402 34845
0b006e01 0b00fb01 10000 100 6030 2011380921 16042 15132
0b00aa01 0b003701 10000 100 34029 2011377476 40727 38763
0b007b01 0b001e01 10000 100 1304531 2010138344 1315648 1111044
0b004f01 0b00df01 10000 100 1252897 2010288801 1221114 1067449
0b001301 0b002501 10000 100 6932497 2004485299 7113214 5861049
0b00ff01 0b006401 10000 100 41609 2011599519 48415 45135
0b005701 0b000001 10000 100 52682 2011594810 64262 54477
0b005001 0b002301 10000 100 25778 2011666930 32490 31766
0b009d01 0b00b301 10000 100 7785 2011697670 22524 16580
0b003f01 0b00e201 10000 100 46115 2011813217 51907 48960
0b007201 0b002c01 10000 100 131223 2011721965 168269 120786
0b00c001 0b003901 10000 100 55036 2011833489 63415 56492
0b000d01 0b00b301 10000 100 853868 2011059880 885858 730670
0b00ce01 0b008501 10000 100 534494 2011398187 576014 461135
0b00d101 0b005101 10000 100 25657 2011897825 80981 31669
0b00ee01 0b001701 10000 100 15761 2011979746 23468 23312
0b002801 0b005e01 10000 100 6576964 2005479434 6662826 5560959
0b00eb01 0b00c501 10000 100 334851 2011963048 366361 292620
0b00bb01 0b004301 10000 100 1065420 2011273162 1073501 909240
0b004501 0b006701 10000 100 1218687 2011111424 1239065 1038585
0b00d801 0b002101 10000 100 190253 2012189004 185123 170606
0b00ef01 0b00fd01 10000 100 25355 2012407442 41210 31428
0b008a01 0b006701 10000 100 25552 2012401913 58072 31585
0b00ff01 0b00df01 10000 100 17885 2012525893 26453 25100
0b009a01 0b00a501 10000 100 1520197 2010972574 1612455 1293081
0b008b01 0b002f01 10000 100 9488438 2003052288 9629701 8018266
0b000e01 0b009601 10000 100 27906 2012672557 57797 33556
0b00ee01 0b00ef01 10000 100 8878 2012777523 12854 13098
0b006f01 0b00ff01 10000 100 7898750 2002306724 10496397 6676556
0b004701 0b00e201 10000 100 11560 2012899603 19713 19776
0b007101 0b008801 10000 100 6571 2012996586 15716 15564
0b00d001 0b00bf01 10000 100 19512 2013068398 27167 26489
0b006801 0b00ec01 10000 100 108809 2013314092 109867 101843
0b001d01 0b003801 10000 100 1161234 2012214986 1218350 990115
0b00ec01 0b00b501 10000 100 48866 2013426342 54532 51248
0b00ae01 0b008401 10000 100 56382 2013438553 61166 57613
0b006c01 0b00f701 10000 100 10977802 2002306766 11257526 9275273
0b006701 0b00f501 10000 100 26679 2013634228 33511 32531
0b003701 0b003d01 10000 100 39987 2013643153 44207 39349
0b007a01 0b00eb01 10000 100 8306 2013687151 16589 17040
0b001c01 0b000f01 10000 100 128589 2013645132 166786 118547
0b006701 0b00e501 10000 100 23965 2013784676 31085 30228
0b00c401 0b003f01 10000 100 3049 2013814894 14196 12615
0b00b801 0b009201 10000 100 69108 2013855320 73097 68366
0b001d01 0b005401 10000 100 70455 2013865640 81118 69488
0b003301 0b001b01 10000 100 1105683 2012869868 1097796 943210
0b001f01 0b003701 10000 100 464959 2012867691 1148981 402427
0b000e01 0b004601 10000 100 1740187 2011514356 2545720 1478753
0b009001 0b00c001 10000 100 4154872 2009759922 4301933 3516717
0b00b701 0b00ad01 10000 100 30846 2014038784 37508 36040
0b000001 0b002f01 10000 100 15377 2014070987 35482 23005
0b00d401 0b009501 10000 100 1561564 2012530921 1600632 1327979
0b009101 0b008c01 10000 100 62601 2014040127 118542 62852
0b001d01 0b005e01 10000 100 28425 2014169406 35079 34016
0b00a201 0b007b01 10000 100 1615571 2012514080 1694866 1373560
0b00fd01 0b00be01 10000 100 75210 2014248868 87195 73512
0b00c401 0b00b001 10000 100 2894212 2011370778 2972759 2452749
0b00bc01 0b00e901 10000 100 2503906 2011219225 3165707 2123300
0b00ef01 0b00cf01 10000 100 18302 2014364704 37420 25477
0b00bd01 0b001601 10000 100 66758 2014365650 101230 66354
0b007901 0b00f201 10000 100 58617 2014351522 117304 59489
0b00c101 0b007401 10000 100 28071 2014523845 37808 33732
0b00c701 0b003701 10000 100 2133075 2012019099 2594795 1810356
0b00ef01 0b006901 10000 100 1132121 2013531042 1171522 965548
0b004401 0b005e01 10000 100 49690 2014665883 55286 51952
0b00e001 0b004801 10000 100 8243 2014708323 16629 16990
0b00c101 0b005901 10000 100 24056 2014787375 33664 30344
0b000801 0b00fd01 10000 100 5210681 2009278248 5566219 4407828
0b00cc01 0b002601 10000 100 66496 2014808509 70645 66144
0b006a01 0b00fa01 10000 100 1505106 2013390658 1551604 1280348
0b00d301 0b00e501 10000 100 21870 2014950704 36452 28464
0b009d01 0b004c01 10000 100 1622235 2013272552 1715215 1379200
0b00a001 0b008e01 10000 100 27542 2014953884 34217 33265
0b00f101 0b008d01 10000 100 1765857 2013193300 1825394 1500389
0b00fe01 0b00ea01 10000 100 523086 2014526544 520762 451524
0b002201 0b00ef01 10000 100 5681 2015043561 14845 14808
0b006401 0b00b301 10000 100 2243 2015109283 11566 11926
0b00af01 0b005401 10000 100 1981356 2013080387 2091404 1682292
0b00cb01 0b006601 10000 100 1444336 2013692112 1497323 1229048
0b005f01 0b00b801 10000 100 75704 2015115014 78819 73907
0b003b01 0b00f201 10000 100 1070523 2014156309 1179398 913542
0b007601 0b004601 10000 100 1930280 2012691073 2654801 1639188
0b005801 0b004b01 10000 100 5358 2015421976 14289 14550
0b00f801 0b006001 10000 100 623 2015442799 9919 10542
0b003601 0b00a801 10000 100 4014212 2011388763 4130410 3398029
0b007a01 0b00a601 10000 100 73708 2015448941 77380 72222
0b005801 0b007d01 10000 100 26044 2015525209 56133 32023
0b000601 0b00c901 10000 100 72153 2015550531 75687 70934
0b00c401 0b004a01 10000 100 43260 2015696372 87741 46544
0b006301 0b005101 10000 100 31182 2015758015 37740 36353
0b009d01 0b008e01 10000 100 751525 2015013537 795553 644308
0b001f01 0b004201 10000 100 64840 2015695436 116850 64732
0b006f01 0b007e01 10000 100 6066276 2007174698 8672140 5129968
0b008501 0b005301 10000 100 21019 2015842999 45609 27783
0b006801 0b006c01 10000 100 52703 2015935473 53697 50094
0b009801 0b007701 10000 100 6510728 2008412303 7619652 5505066
0b00b101 0b001a01 10000 100 812555 2015139346 907372 695816
0b00b101 0b009501 10000 100 101051 2015892829 179027 95328
0b00c301 0b008901 10000 100 1908077 2014171414 2002680 1620457
0b001001 0b00b101 10000 100 365880 2015777461 423397 318808
0b007001 0b00aa01 10000 100 6857 2016198512 15566 15793
0b006101 0b007401 10000 100 78624 2016191613 81904 76375
0b009501 0b004a01 10000 100 73675 2016159093 129977 72196
0b00e001 0b009c01 10000 100 65282 2016333221 69504 65129
0b003001 0b00ce01 10000 100 16093 2016416266 23876 23622
0b009a01 0b00f501 10000 100 18636 2016439727 26146 25744
0b008f01 0b004101 10000 100 788141 2015782289 817664 675228
0b003101 0b00be01 10000 100 21386 2016632265 30510 28076
0b008501 0b00c101 10000 100 6494818 2009854173 6858836 5491634
0b008f01 0b007c01 10000 100 15662 2016896764 23514 23233
0b001901 0b00d101 10000 100 49099 2016666009 276461 51479
0b005b01 0b006601 10000 100 1553142 2015422604 1577329 1320889
0b003d01 0b003601 10000 100 1866181 2015330386 1746106 1580692
0b00da01 0b00f401 10000 100 8084487 2008840934 8282334 6833329
0b00d501 0b00bf01 10000 100 38245 2017047349 76216 42312
0b002601 0b003201 10000 100 9056 2017116351 17556 17684
0b00e301 0b006901 10000 100 56869 2017121614 61726 58003
0b005a01 0b00e601 10000 100 1666924 2015491481 1750866 1416887
0b00f701 0b00ea01 10000 100 592842 2016645651 636900 510365
0b00d501 0b004a01 10000 100 6516097 2010454902 6844190 5509625
0b005e01 0b007201 10000 100 1363234 2015859604 1444478 1160603
0b001001 0b006f01 10000 100 1919 2017387852 11273 11623
0b005f01 0b00b901 10000 100 1135439 2016252217 1185936 968335
0b00f001 0b006e01 10000 100 9517994 2006922864 10844276 8043187
0b001401 0b009001 10000 100 44350 2017744513 50396 47460
0b00bf01 0b001c01 10000 100 1007220 2016725892 1088658 860128
0b00d301 0b007701 10000 100 1250591 2014771279 3050855 1065516
0b00d301 0b005001 10000 100 319838 2016985789 895715 279950
0b004601 0b00f601 10000 100 100162 2017815584 101922 94573
0b00fd01 0b00b601 10000 100 76736 2017996494 80047 74776
0b00e701 0b009f01 10000 100 29567 2018142826 36348 34973
0b00b001 0b004201 10000 100 1806527 2016323133 1863471 1534729
0b00de01 0b00d101 10000 100 2782183 2015619152 2631607 2353798
0b008f01 0b00af01 10000 100 6037 2018255498 17541 15137
0b00ec01 0b00a501 10000 100 1958614 2016316878 2051696 1663087
0b00d201 0b000c01 10000 100 1552749 2016764728 1629605 1320531
0b009101 0b009301 10000 100 8657643 2010405323 8049668 7312666
0b004b01 0b001b01 10000 100 841472 2016845035 1749840 720225
0b006b01 0b007d01 10000 100 1224073 2016447834 2166998 1043158
0b000b01 0b009101 10000 100 25319 2018617013 32287 31399
0b002901 0b003b01 10000 100 71507 2018607912 75310 70373
0b001001 0b00a901 10000 100 133495 2018713689 132160 122692
0b000801 0b006401 10000 100 2317899 2016256449 2670484 1966311
0b00aa01 0b005b01 10000 100 1863 2018922970 11185 11578
0b002d01 0b00b701 10000 100 2210989 2016768018 2282692 1876075
0b004001 0b00dd01 10000 100 76666 2018932792 182187 74720
0b007901 0b007d01 10000 100 6318 2019121479 15593 10962
0b00ca01 0b00f601 10000 100 8836 2019174271 18347 17464
0b003401 0b003801 10000 100 30391 2019167271 33230 31276
0b00c501 0b00dd01 10000 100 1181063 2017963967 1307181 1006858
0b00ed01 0b004001 10000 100 4832 2019454615 13904 14085
0b00bc01 0b000801 10000 100 3860573 2009048944 10460606 3268342
0b005901 0b002e01 10000 100 1424043 2018058502 1491301 1211934
0b00b501 0b009d01 10000 100 1125216 2018484030 1184472 959716
0b008401 0b005e01 10000 100 77321 2019592568 84152 75288
0b006a01 0b00bb01 10000 100 1062747 2018549002 1144938 906969
0b009201 0b00bc01 10000 100 58109 2019603581 126617 59083
0b005001 0b005a01 10000 100 32677 2019727496 35357 33193
0b007c01 0b002901 10000 100 182758 2019624159 177842 164258
0b00d801 0b00f701 10000 100 7656 2019907664 16497 16476
0b001a01 0b008101 10000 100 20956 2019910005 27929 27688
0b00cf01 0b006201 10000 100 119695 2019973246 119829 111036
0b000f01 0b00c601 10000 100 2530930 2015825760 4288254 2146108
0b008501 0b001901 10000 100 3258942 2016763258 3427461 2760549
0b00b701 0b007301 10000 100 28977 2020240849 37826 34457
0b006401 0b00b101 10000 100 3981739 2016200517 4173589 3370599
0b00d201 0b00dc01 10000 100 9918 2020409509 29384 13974
0b00da01 0b008d01 10000 100 2001941 2018338830 2101509 1699640
0b009e01 0b001501 10000 100 68236 2020447073 90548 67624
0b007c01 0b007201 10000 100 78113 2020548622 77253 71566
0b004801 0b009a01 10000 100 17696 2020585522 47194 24948
0b003a01 0b00dc01 10000 100 3876964 2016570541 4086548 3282159
0b007901 0b004d01 10000 100 25883 2020718167 32862 31850
0b00c901 0b007e01 10000 100 2728518 2017962922 2834747 2312890
0b008801 0b00bb01 10000 100 44181 2020812289 50226 47324
0b00c601 0b00da01 10000 100 182305 2020648593 214673 163896
0b00a001 0b003901 10000 100 39526 2020786821 93587 43380
0b00e201 0b00ac01 10000 100 58076 2020906928 62985 59056
0b005c01 0b00c601 10000 100 2620197 2016988496 4045312 2221481
0b005c01 0b009d01 10000 100 21371 2020994185 43505 28064
0b00d901 0b009e01 10000 100 48298 2021010104 128585 50794
0b00be01 0b00f001 10000 100 19980 2021125957 44084 26864
0b008f01 0b001101 10000 100 20348 2021442433 27467 27202
0b00a701 0b00b601 10000 100 56689 2021451427 61643 57859
0b00de01 0b00ca01 10000 100 1542520 2018634121 2900213 1311908
0b00f001 0b008401 10000 100 5099381 2015172853 6378879 4313904
0b008701 0b00f201 10000 100 241618 2021317996 267223 213942
0b00d301 0b004c01 10000 100 4876303 2015578972 6275987 4125630
0b003e01 0b00fb01 10000 100 42666 2021793197 88517 46024
0b00e301 0b00da01 10000 100 9773 2021885253 18150 18258
0b00dc01 0b005401 10000 100 38408 2021867412 44795 42442
0b004801 0b007d01 10000 100 8899112 2011561651 10371667 7520889
0b008d01 0b00d101 10000 100 2788 2021976414 12002 12362
0b009501 0b00e301 10000 100 49866 2021966352 55388 52092
0b002c01 0b00b101 10000 100 8211 2022100421 16803 16964
0b000101 0b002201 10000 100 5860554 2016094702 6023186 4956327
0b00f601 0b00be01 10000 100 42612 2022108194 49777 45981
0b00a801 0b005701 10000 100 7605934 2014380474 7884890 6429411
0b009a01 0b004f01 10000 100 65320 2022247505 72593 65160
0b006d01 0b000801 10000 100 6850457 2009947166 12487321 5791809
0b003001 0b009301 10000 100 63043 2022353277 98210 63250
0b008201 0b001c01 10000 100 494920 2021923274 581619 427716
0b001e01 0b00fc01 10000 100 7711753 2013663596 8987578 6518730
0b006e01 0b007301 10000 100 142789 2022632961 141047 130523
0b001e01 0b00a601 10000 100 1396066 2020307201 2467542 1188320
0b004e01 0b001601 10000 100 19780516 2002585348 20448795 16704776
0b00ff01 0b000c01 10000 100 2197080 2020781973 2277767 1864376
0b00f801 0b00c701 10000 100 32011 2023161089 38567 37060
0b006401 0b005901 10000 100 33470 2023209959 40228 38272
0b001f01 0b00f201 10000 100 2590 2023393560 12056 12204
0b000e01 0b001d01 10000 100 36587 2023463222 46154 40897
0b00f201 0b00a301 10000 100 22845 2023506096 51445 29288
0b001701 0b00e001 10000 100 3464 2023548716 12620 12947
0b000701 0b001501 10000 100 20566 2023545577 44059 27376
0b000801 0b000201 10000 100 4534 2023617302 9162 9447
0b00c801 0b00cd01 10000 100 8293584 2015060796 8588901 7005403
0b001b01 0b00dd01 10000 100 21581 2023631178 29567 28232
0b00dc01 0b009501 10000 100 3415 2023649381 14949 12908
0b007401 0b00fd01 10000 100 1246098 2022371800 1351601 1061746
0b000001 0b00cd01 10000 100 11542390 2004521247 19306566 9751804
0b00aa01 0b00cb01 10000 100 66371 2023780735 70619 66044
0b00f801 0b002a01 10000 100 5516 2023948901 19663 14676
0b001a01 0b007c01 10000 100 15173 2024056331 23002 22842
0b000401 0b00ba01 10000 100 41704 2024046301 51570 45211
0b006301 0b00bb01 10000 100 91932 2023957393 178249 87593
0b008301 0b000a01 10000 100 41607 2024101343 50183 45133
0b008d01 0b00f101 10000 100 75939 2024086996 79394 74095
0b00a601 0b00b701 10000 100 293479 2022881013 1292293 257719
0b002c01 0b006e01 10000 100 23804 2024194545 70334 30099
0b00a601 0b00ca01 10000 100 3896191 2018932282 5360611 3298420
0b00c801 0b001a01 10000 100 27164 2024334832 34172 32963
0b005601 0b000801 10000 100 2664231 2016667876 7777777 2258644
0b00ba01 0b002701 10000 100 970798 2023384398 1068210 829362
0b00d201 0b009e01 10000 100 4399055 2019956431 4577186 3722844
0b002001 0b009a01 10000 100 21687 2024507913 44811 28317
0b006701 0b00b101 10000 100 168382 2024390212 164877 152141
0b001c01 0b00fa01 10000 100 5519097 2018797866 5782519 4668157
0b006401 0b00cf01 10000 100 39935 2024586992 46535 43708
0b001e01 0b005a01 10000 100 4848 2024696806 13514 14098
0b007a01 0b008c01 10000 100 106243 2024628391 107312 99702
0b00eb01 0b001f01 10000 100 3737317 2020953827 3827410 3164325
0b002001 0b00ce01 10000 100 90343 2024721844 92837 86278
0b002101 0b00f601 10000 100 63781 2024953818 68339 63840
0b00db01 0b00d301 10000 100 15151470 2010376405 14786964 12793464
0b005101 0b00a101 10000 100 62553 2025099831 66802 62814
0b006b01 0b003401 10000 100 141259 2025042167 187495 129255
0b008e01 0b006901 10000 100 56544 2025193604 61528 57743
0b005301 0b00ea01 10000 100 4100474 2021136558 4222782 3470823
0b00e701 0b007701 10000 100 664660 2024657603 703677 570988
0b006a01 0b005701 10000 100 11286 2025387262 19705 19556
0b007d01 0b00a801 10000 100 40435 2025393679 46441 44152
0b005201 0b00ad01 10000 100 6581730 2018638902 6847083 5564992
0b006f01 0b002a01 10000 100 4287489 2021039489 4478681 3628663
0b00df01 0b00e101 10000 100 21871 2025508090 29143 28464
0b00fd01 0b009901 10000 100 77576 2025454246 122712 75492
0b009801 0b00fe01 10000 100 21948 2025551314 30763 28526
0b008201 0b009801 10000 100 38436 2025539386 45727 42464
0b001401 0b00f401 10000 100 1753920 2023771688 1862712 1490312
0b00ba01 0b008701 10000 100 230905 2025450101 222516 204888
0b006301 0b005e01 10000 100 3803962 2021715969 3974776 3220545
0b00a901 0b004c01 10000 100 6964 2025705107 15651 15879
0b007f01 0b00b501 10000 100 23531 2025819174 33306 29880
0b00af01 0b005601 10000 100 66296 2025732670 144958 65984
0b00e401 0b009c01 10000 100 1155465 2024682716 1196696 985236
0b00bc01 0b009a01 10000 100 8000017 2016910436 9116421 6762057
0b001b01 0b00e101 10000 100 48942 2025927671 105713 51309
0b001d01 0b000101 10000 100 6117887 2019560687 6658301 5173501
0b001a01 0b00bc01 10000 100 6528 2026242981 20110 15530
0b005401 0b007001 10000 100 16010 2026282350 23807 23556
0b003c01 0b002501 10000 100 5395 2026299820 18162 14580
0b00af01 0b007601 10000 100 1606922 2024633681 1779328 1366245
0b00f301 0b002e01 10000 100 49247 2026558704 54894 51597
0b006401 0b006e01 10000 100 50640 2026646039 51823 48356
0b00dc01 0b00ee01 10000 100 3627199 2022763295 3984914 3071391
0b007c01 0b008d01 10000 100 5687 2026763081 18562 14813
0b007101 0b002901 10000 100 1393540 2025440516 1452212 1186168
0b00d101 0b00ea01 10000 100 33775 2026846041 65076 38516
0b003d01 0b005d01 10000 100 4110499 2022327329 4608469 3479283
0b000901 0b008501 10000 100 9827 2026965944 33927 18301
0b003d01 0b000b01 10000 100 35016 2027073242 41652 39596
0b004901 0b001a01 10000 100 5439 2027146065 14644 14615
0b008801 0b001901 10000 100 75300 2027093921 85603 73584
0b00bf01 0b001c01 10001 100 257564 2026993667 247155 227403
0b00ed01 0b008301 10000 100 76695 2026908066 353561 74744
0b007d01 0b00ef01 10000 100 455369 2026752861 519606 394359
0b003d01 0b006801 10000 100 21107 2027273278 47441 27853
0b001001 0b005a01 10000 100 977717 2026338780 1017548 835205
0b00fc01 0b004401 10000 100 79590 2027376401 86582 77192
0b00a001 0b00d801 10000 100 148244 2027315944 183478 135151
0b00a901 0b006201 10000 100 927972 2026671020 941373 793209
0b00dd01 0b001f01 10000 100 63928 2027589893 68256 63958
0b00b001 0b005701 10000 100 829929 2026895431 861009 710463
0b000b01 0b00c101 10000 100 4625 2027800179 13336 13920
0b006c01 0b00ea01 10000 100 1078623 2025931540 1903751 920374
0b002e01 0b00cb01 10000 100 41505 2027809143 47688 45052
0b008201 0b00bd01 10000 100 8931 2027948819 24931 17540
0b004e01 0b000901 10000 100 164384 2027836757 178419 148767
0b002e01 0b006a01 10000 100 3461 2028013431 12328 12944
0b004f01 0b008301 10000 100 4710369 2023063447 4968023 3985579
0b00a701 0b00d801 10000 100 118779 2027984002 118505 110259
0b009301 0b00e701 10000 100 48881 2028048379 54266 51260
0b000201 0b00a501 10000 100 20561 2028085482 27951 27372
0b002c01 0b009501 10000 100 7420 2028106798 16093 16288
0b00ad01 0b006b01 10000 100 734319 2027368413 764183 629795
0b001201 0b004401 10000 100 109018 2028022770 109930 102054
0b00ee01 0b00f801 10000 100 4116513 2023826346 4337549 3484358
0b007301 0b008c01 10000 100 36431 2028174486 75060 40772
0b006c01 0b005501 10000 100 2666953 2024777865 3505342 2260910
0b00cd01 0b004501 10000 100 629400 2027661029 626411 541240
0b008201 0b00b601 10000 100 676940 2027604294 688173 581340
0b003c01 0b003301 10000 100 185437 2028051812 271108 162133
0b002101 0b002701 10000 100 1769362 2026857598 1638838 1498969
0b00bb01 0b00fc01 10000 100 1749750 2026720786 1785416 1486800
0b001c01 0b00d801 10000 100 30183 2028559367 36792 35510
0b00c401 0b00e401 10000 100 964626 2027728374 971451 824160
0b000901 0b001b01 10000 100 6910543 2016531973 12196140 5842518
0b00a401 0b00e501 10000 100 25668 2028700511 32308 31678
0b002801 0b005601 10000 100 797066 2027866345 889192 682764
0b009701 0b00a701 10000 100 2233 2028789595 11768 11918
0b007b01 0b006401 10000 100 50738 2028798183 56290 52834
0b00d901 0b007e01 10000 100 1968739 2026909122 2041680 1671627
0b003501 0b00c501 10000 100 10075 2028937700 19808 18544
0b00a701 0b00f901 10000 100 34056 2028894166 89712 38784
0b005d01 0b006701 10000 100 177460 2028660563 324953 159800
0b00fd01 0b00f701 10000 100 51668 2028948451 94927 49222
0b00ef01 0b000601 10000 100 306798 2028473040 580875 268946
0b003901 0b006d01 10000 100 17119 2029054295 24801 24487
0b003401 0b003c01 10000 100 48716 2029026883 54103 46728
0b000c01 0b003301 10000 100 658125 2028461570 700675 565496
0b008401 0b00af01 10000 100 34031 2029133692 111416 38764
0b006701 0b008c01 10000 100 1269835 2028047767 1341273 1081748
0b00c501 0b00c101 10000 100 55 2029466865 4424 5688
0b001901 0b001501 10000 100 7514090 2022628780 6972219 6347532
0b003c01 0b006801 10000 100 7059637 2022297517 7365924 5968349
0b00f101 0b007a01 10000 100 333770 2029382785 317218 291712
0b000401 0b008801 10000 100 19148 2029719413 26814 26198
0b004101 0b000901 10000 100 8011 2029729875 17059 16804
0b006a01 0b00b201 10000 100 586005 2029237216 581336 504632
0b005501 0b003a01 10000 100 185875 2029259570 565301 166884
0b000b01 0b003401 10000 100 7385 2029887995 16065 16260
0b006101 0b008401 10000 100 812161 2029228119 839705 695500
0b004501 0b007601 10000 100 20639 2030206890 27957 27435
0b006a01 0b00b901 10000 100 10425 2030348052 18728 18824
0b00cf01 0b003f01 10000 100 14613 2030367529 24233 22350
0b000301 0b00ee01 10000 100 2781691 2027505788 2947959 2357760
0b00a001 0b003601 10000 100 21379 2030424961 30705 28071
0b004901 0b006b01 10000 100 5351 2030541362 14258 14544
0b00c101 0b00e201 10000 100 35653 2030577511 42160 40106
0b00f301 0b002601 10000 100 963555 2029577231 1084978 823260
0b006001 0b00fa01 10000 100 23171 2030648969 32847 29592
0b00d301 0b000601 10000 100 20288 2030719563 27709 27154
0b00ab01 0b005b01 10000 100 1203 2030782725 10918 11050
0b00d201 0b00c901 10000 100 20712 2030767613 28048 27493
0b004e01 0b009401 10000 100 69434 2030795523 73013 68627
0b005d01 0b00b701 10000 100 10049124 2019998814 10953658 8491499
0b009201 0b000801 10000 100 1917 2030999124 11444 11621
0b000a01 0b009201 10000 100 47263 2031112148 53032 49922
0b007e01 0b006b01 10000 100 4554 2031260463 13569 13863
0b007c01 0b00a301 10000 100 3470226 2023144679 8131726 2938904
0b003801 0b00e801 10000 100 25733 2031278733 32644 31730
0b00dd01 0b00cf01 10000 100 125594 2031175956 158514 116019
0b00fa01 0b00b201 10000 100 79748 2031268165 82720 77318
0b00b401 0b003d01 10000 100 17138 2031342181 24863 24502
0b00cf01 0b00a301 10000 100 5857735 2022169182 9214535 4953940
0b009001 0b002601 10000 100 853157 2030435633 998606 730101
0b005001 0b002601 10000 100 3780 2031465299 13071 13200
0b000e01 0b00f501 10000 100 28840 2031519938 35653 34348
0b00e401 0b001201 10000 100 2509098 2029027029 2602380 2127718
0b009f01 0b002601 10000 100 21759 2031703923 28987 28375
0b006601 0b009f01 10000 100 1866 2031744198 12619 11580
0b006a01 0b00e701 10000 100 43465 2031792714 49222 46708
0b009601 0b003501 10000 100 37618 2031804591 79602 41766
0b008601 0b003701 10000 100 2117 2031924961 11526 11825
0b00bc01 0b00e201 10000 100 27736 2031916980 36686 33420
0b003f01 0b006201 10000 100 15915 2031957766 23309 23436
0b001301 0b000d01 10000 100 8703246 2022919406 9062487 7355572
0b00be01 0b008a01 10000 100 28872663 2000076958 32013429 24378542
0b008801 0b000501 10000 100 598510 2031565897 611020 515164
0b00fd01 0b003501 10000 100 11818596 2019911148 12321002 9984912
0b002101 0b006001 10000 100 510404 2031429238 841165 440807
0b007701 0b003c01 10000 100 25716 2032289823 64010 31716
0b006101 0b008301 10000 100 399315 2032045516 425926 347052
0b00c301 0b009501 10000 100 1204377 2031331268 1250047 1026521
0b002e01 0b008c01 10000 100 5793 2032596434 15295 14898
0b00cc01 0b00f601 10000 100 745707 2031869454 776826 639389
0b008a01 0b001c01 10000 100 448 2032744064 9156 10402
0b006701 0b007d01 10000 100 260575 2032168775 606718 229944
0b006701 0b007f01 10000 100 238521 2031947072 841508 211332
0b000d01 0b001d01 10000 100 54178 2032702650 104245 55762
0b005801 0b004401 10000 100 1230873 2031537585 1316404 1048862
0b00ee01 0b009801 10000 100 21901 2032892761 29240 28488
0b00a201 0b00d201 10000 100 8900 2032973139 17354 17516
0b005b01 0b000a01 10000 100 2506 2032985920 11916 12136
0b001d01 0b000101 10001 100 21609 2032995381 29209 28255
0b00db01 0b00c601 10000 100 3592014 2029388233 3711697 3041703
0b001801 0b003f01 10000 100 614408 2032000501 1165159 528586
0b005201 0b003601 10000 100 73535 2033103499 81926 72084
0b008301 0b002601 10000 100 28362 2033181213 37478 33965
0b004701 0b00b901 10000 100 49924 2033191394 58554 52139
0b006701 0b004501 10000 100 1072750 2031740323 1523736 915412
0b002a01 0b005e01 10000 100 15036 2033267169 25269 22732
0b00b201 0b00ae01 10000 100 151685 2033343080 184883 138036
0b001101 0b00f101 10000 100 2016 2033605019 12155 11744
0b005601 0b007501 10000 100 8753425 2015939470 17698167 7397916
0b008701 0b00b101 10000 100 76783 2033336892 333449 74814
0b000801 0b006501 10000 100 74201 2033602115 77490 72660
0b007601 0b00b001 10000 100 55186 2033646034 60301 56612
0b00f701 0b00cc01 10000 100 52971 2033667447 57897 54708
0b005701 0b007801 10000 100 47981 2033901261 93204 50496
0b000901 0b006001 10000 100 11225177 2017137734 16871587 9484085
0b000d01 0b00cb01 10000 100 1791618 2032234539 1948031 1522142
0b003401 0b00fe01 10000 100 59886 2034253355 64555 60548
0b004001 0b005c01 10000 100 1649796 2032628501 1696724 1402436
0b008001 0b008c01 10000 100 117425 2034209371 125331 104732
0b00a601 0b005d01 10000 100 4893988 2029230172 5155164 4140526
0b004e01 0b00fc01 10000 100 62588 2034262796 128194 62842
0b00d801 0b00ae01 10000 100 41771 2034344119 47773 45264
0b00d601 0b004601 10000 100 6983 2034435559 16726 15894
0b00f001 0b00eb01 10000 100 2476598 2031949358 2538758 2100266
0b00bd01 0b001001 10000 100 9842607 2024356775 10196284 8317177
0b006701 0b002701 10000 100 7877 2034573305 16657 16653
0b001901 0b00e101 10000 100 3144621 2031332353 3296672 2664076
0b00d201 0b001701 10000 100 50520 2034631663 61994 52660
0b007d01 0b004701 10000 100 4951827 2029609659 5094839 4189349
0b003601 0b007101 10000 100 4957942 2029597127 5116563 4194505
0b004601 0b00b101 10000 100 8441 2034753139 24594 17148
0b008c01 0b000301 10000 100 2565381 2032150663 2643883 2175208
0b005c01 0b00be01 10000 100 85992 2034765243 97146 82577
0b006f01 0b00b101 10000 100 194428 2034325093 546751 174122
0b00c201 0b00bd01 10000 100 1578216 2033126384 1760631 1342048
0b008201 0b005f01 10000 100 44622 2034849036 50288 47677
0b003601 0b001501 10000 100 170183 2034752108 166896 153670
0b005001 0b004e01 10000 100 1561778 2033334175 1597944 1328150
0b005701 0b00dd01 10000 100 996171 2033532179 1426699 850804
0b00e301 0b007601 10000 100 4911 2034959807 13917 14148
0b000401 0b00d501 10000 100 187339 2034812896 182405 168143
0b001e01 0b000901 10000 100 907618 2033736885 1368544 776046
0b008c01 0b004801 10000 100 227259 2034910356 219954 201839
0b00d401 0b00fb01 10000 100 16447373 2017594535 17673539 13891610
0b00fb01 0b00fc01 10000 100 6959436 2028561703 6724423 5879388
0b00b801 0b007f01 10000 100 3235253 2021937741 13351538 2740586
0b009c01 0b000a01 10000 100 166674 2035163117 178650 150687
0b00ff01 0b00b801 10000 100 53019 2035486624 58358 54791
0b006f01 0b008001 10000 100 344780 2035156143 413746 301004
0b00c301 0b006501 10000 100 37981 2035507745 74944 42056
0b002f01 0b001101 10000 100 6862948 2027586361 7998508 5802330
0b00f201 0b001b01 10000 100 611160 2034652700 1019582 525856
0b006d01 0b002901 10000 100 45894 2035698169 55585 48739
0b002601 0b000901 10000 100 1824668 2032888772 2917896 1550034
0b00f401 0b002001 10000 100 1828047 2033925566 1888186 1552913
0b005401 0b007201 10000 100 18227 2035821670 28024 25417
0b003501 0b001701 10000 100 54771 2035743638 110796 56236
0b006601 0b002601 10000 100 4645 2035843907 19189 13936
0b00e701 0b00ca01 10000 100 57247 2036004413 62470 58349
0b002001 0b00e301 10000 100 1415 2036076352 10563 11220
0b006001 0b00a701 10000 100 923589 2035149736 940524 789527
0b00d401 0b00df01 10000 100 2566 2036092146 7343 7784
0b002d01 0b00aa01 10000 100 8360 2036121243 17111 17084
0b001401 0b008c01 10000 100 27091 2036096888 60315 32904
0b000101 0b004b01 10000 100 29103 2036136028 37892 34602
0b00d701 0b000001 10000 100 76184 2036077287 135890 74335
0b00ee01 0b000001 10000 100 70615 2036189476 87514 69616
0b00b401 0b006f01 10000 100 2040556 2033964807 2360502 1732248
0b00f101 0b006201 10000 100 29578 2036333341 36437 34982
0b00ae01 0b00c301 10000 100 394795 2036088762 453038 343216
0b005a01 0b00be01 10000 100 49857 2036481068 101100 52085
0b004b01 0b008c01 10000 100 855450 2035049977 1548220 732024
0b00f201 0b004501 10000 100 103404 2036480006 190464 97299
0b001001 0b005801 10000 100 1335981 2035350868 1379813 1137568
0b003901 0b006001 10000 100 8074 2036763773 16959 16855
0b00f801 0b002e01 10000 100 1891 2036881344 10918 11600
0b00f301 0b00bb01 10000 100 97150 2036192857 700035 92032
0b00a601 0b002201 10000 100 975241 2036002733 990558 833136
0b005601 0b00db01 10000 100 16820430 2010449819 26587895 14206468
0b001b01 0b008901 10000 100 2409967 2034545764 2493438 2044013
0b003701 0b008f01 10000 100 1795971 2035132669 1907099 1525800
0b004501 0b007e01 10000 100 29108 2037093183 35674 34606
0b000c01 0b004f01 10000 100 58909 2037146503 111367 59723
0b005e01 0b00c101 10000 100 433175 2036860036 416440 375636
0b007201 0b005001 10000 100 20992 2037248223 28313 27717
0b00b501 0b00e501 10000 100 1952583 2033023811 4297655 1657998
0b007f01 0b008801 10000 100 64017 2037221573 116701 64073
0b006601 0b00b101 10000 100 9746184 2026670097 10774260 8235815
0b003201 0b001901 10000 100 5163403 2031961830 5589800 4367938
0b006701 0b007501 10000 100 1140 2037541696 10317 11000
0b00af01 0b00dd01 10000 100 2825027 2034102784 3455766 2394365
0b005401 0b000a01 10000 100 211503 2037304751 255685 188530
0b00a701 0b00c301 10000 100 2007 2037575651 11386 11737
0b004601 0b00bf01 10000 100 679197 2036716235 872964 583277
0b005f01 0b002501 10000 100 1074083 2036372876 1243664 916566
0b002b01 0b008b01 10000 100 25795 2037605568 32767 31780
0b00fb01 0b00fd01 10000 100 66494 2037602311 66512 61743
0b00ca01 0b00c801 10000 100 1192017 2036665843 1106107 1011705
0b005401 0b00a401 10000 100 6710 2037762573 17070 15676
0b00be01 0b003701 10000 100 3089106 2034453014 3332299 2617244
0b003c01 0b009401 10000 100 710630 2037062303 759952 609788
0b00ea01 0b00bf01 10000 100 59072 2037783677 63970 59897
0b008401 0b00cf01 10000 100 108358 2037632887 268748 101482
0b009701 0b002a01 10000 100 5456003 2032334808 5643689 4614910
0b006b01 0b00de01 10000 100 1456080 2036466561 1513095 1238972
0b000b01 0b002701 10000 100 30881 2037963318 53851 36068
0b007f01 0b002401 10000 100 3595892 2034227505 3800874 3044937
0b005c01 0b00ff01 10000 100 67739 2037987404 71619 67183
0b002c01 0b008301 10000 100 49882 2038007320 57418 52105
0b003e01 0b00ac01 10000 100 41064 2038033200 101475 44699
0b004e01 0b00fa01 10000 100 44728 2038102444 50907 47762
0b006001 0b00ab01 10000 100 6296 2038201852 15117 15344
0b006e01 0b00f301 10000 100 2628434 2035465878 2793967 2228423
0b003101 0b00b401 10000 100 64529 2038285892 107809 64483
0b004f01 0b001301 10000 100 748 2038500189 10664 10642
0b00fe01 0b00ae01 10000 100 25072 2038517027 32179 31201
0b00b401 0b00be01 10000 100 2601989 2035886812 2779877 2201679
0b00e901 0b00d001 10000 100 1913547 2036162078 2572556 1625053
0b002a01 0b001f01 10000 100 43179 2038832681 49485 46479
0b00aa01 0b00c401 10000 100 31570 2038892285 40666 36664
0b00ea01 0b00cc01 10000 100 9012 2039069437 17695 17649
0b001401 0b005401 10000 100 3110410 2035801961 3295408 2635212
0b004101 0b009c01 10000 100 8052939 2030824329 8298057 6806683
0b00a201 0b006e01 10000 100 50203 2039074470 55952 52406
0b000501 0b005501 10000 100 122637 2039024201 122451 113521
0b001f01 0b003801 10000 100 4343 2039197033 13400 13694
0b006e01 0b004701 10000 100 70599 2039142642 74452 69603
0b001201 0b004201 10000 100 61985 2039279678 66437 62316
0b00f701 0b002601 10000 100 5560 2039392724 19026 14712
0b002501 0b00cd01 10000 100 5043 2039460226 18020 14298
0b009101 0b00b701 10000 100 33567 2039451137 40204 38349
0b00e801 0b004901 10000 100 6195 2039490353 14746 15264
0b007901 0b008501 10000 100 707290 2038724928 801613 606984
0b009701 0b008901 10000 100 1709 2039521603 11062 11455
0b008a01 0b007f01 10000 100 29769753 2002230873 37339426 25135682
0b00a401 0b001101 10000 100 4790733 2034014308 5590453 4053390
0b006601 0b003501 10000 100 1101867 2038416304 1194340 939981
0b003d01 0b004701 10000 100 160346 2039475074 157443 145360
0b003f01 0b006601 10000 100 515759 2038435069 1293161 445311
0b001701 0b00ee01 10000 100 112977 2039527935 203213 105353
0b008201 0b008801 10000 100 58961 2039740875 59542 55364
0b002401 0b000001 10000 100 9822 2039797727 25870 18297
0b008501 0b00bb01 10000 100 9752877 2030596199 9256813 8241433
0b00f001 0b00a101 10000 100 12237 2039840465 29996 20361
0b00ac01 0b002c01 10000 100 6760447 2032822515 7087261 5715841
0b003a01 0b005201 10000 100 3030768 2036777552 3156020 2567978
0b008801 0b009101 10000 100 5441 2040077800 14356 14616
0b00a501 0b005f01 10000 100 42304 2040146274 52169 45735
0b005801 0b009101 10000 100 7872 2040184620 16476 16649
0b009a01 0b003a01 10000 100 7093 2040197481 21324 16026
0b00e901 0b00f101 10000 100 2229146 2037182302 3042468 1891436
0b001d01 0b004801 10000 100 48148 2040215621 53788 50674
0b006701 0b006901 10000 100 78380 2040244445 80704 71780
0b002c01 0b000001 10000 100 1390519 2038818291 1508375 1183619
0b00f501 0b00a301 10000 100 108529 2040110857 288743 101619
0b00e201 0b00f701 10000 100 58304 2040355721 69149 59239
0b007601 0b00ea01 10000 100 62293 2040376058 67039 62606
0b009701 0b00e401 10000 100 159669 2040336583 156611 144775
0b008e01 0b006201 10000 100 72745 2040484049 76748 71408
0b002901 0b00a101 10000 100 6114680 2034188821 6485566 5170804
0b002101 0b003c01 10000 100 5723035 2034701035 5982795 4840284
0b00c701 0b00f401 10000 100 38386 2040707520 44893 42424
0b00f201 0b006301 10000 100 202757 2040491872 329869 181137
0b001701 0b005301 10000 100 8129864 2032454065 8436916 6871611
0b004901 0b002001 10000 100 122967 2040794210 122373 113785
0b001901 0b00b701 10000 100 40215 2040883947 46253 43976
0b00a801 0b007a01 10000 100 3567 2040954823 12703 13029
0b00aa01 0b00f901 10000 100 57559 2040957971 120230 58599
0b000a01 0b006601 10000 100 5847112 2034085141 6995160 4945001
0b003a01 0b009701 10000 100 3941 2041098306 13147 13328
0b00b101 0b00ff01 10000 100 94635 2041075994 101958 89888
0b001101 0b00f201 10000 100 7776 2041168535 16634 16572
0b00dc01 0b002101 10000 100 141256 2041013099 196583 129252
0b00b501 0b003001 10000 100 1837069 2039158046 2065831 1560527
0b00bb01 0b00e801 10000 100 9576 2041226768 18138 18100
0b00a701 0b005001 10000 100 3853 2041243779 15585 13258
0b003401 0b002201 10000 100 104811 2041303266 199252 98468
0b00ec01 0b005201 10000 100 60678 2041540973 65281 61226
0b008401 0b00c001 10000 100 9193240 2032073476 9604438 7769128
0b003701 0b00a401 10000 100 19250 2041744972 26689 26280
0b004f01 0b002301 10000 100 7407 2041815947 15793 16277
0b001501 0b006d01 10000 100 22262 2041831846 29595 28821
0b00c901 0b006901 10000 100 184050 2041706562 179203 165380
0b003901 0b00b501 10000 100 606452 2040895844 1077291 521869
0b009601 0b004101 10000 100 13295 2042000992 20965 21252
0b005b01 0b00d001 10000 100 39009 2042012762 45142 42967
0b00b501 0b00fc01 10000 100 1078112 2040849539 1243252 919965
0b009201 0b00e501 10000 100 521265 2041286674 857650 449980
0b00df01 0b007901 10000 100 181707 2042030031 212317 163373
0b00bf01 0b001c01 10002 100 80285 2042194612 83257 77792
0b002a01 0b003701 10000 100 5362 2042351318 14468 14553
0b00f801 0b008101 10000 100 464044 2041955381 484076 401695
0b00c401 0b00a301 10000 100 7766280 2033919667 8577318 6564772
0b00c401 0b00b001 10001 100 31239 2042544975 38039 36399
0b001701 0b00af01 10000 100 39116 2042513479 81791 43052
0b008101 0b00ac01 10000 100 470 2042593806 9358 10420
0b007601 0b00dd01 10000 100 102231 2042556349 103722 96316
0b00df01 0b00f701 10000 100 59092 2042599780 69374 59913
0b003e01 0b00ed01 10000 100 6752 2042692837 15482 15709
0b003901 0b009501 10000 100 34565 2042702042 81654 39192
0b00e101 0b00e601 10000 100 35996 2042855637 39816 35980
0b003901 0b001e01 10000 100 22159 2042915450 58943 28739
0b00f101 0b00d701 10000 100 649563 2041719120 1273237 558250
0b006101 0b006b01 10000 100 613353 2042648892 570657 523298
0b002601 0b005201 10000 100 1263811 2041928626 1302429 1076664
0b001801 0b003a01 10000 100 25737112 2015525602 27738546 21732161
0b005d01 0b006501 10000 100 2189018 2040888231 2457569 1857574
0b006a01 0b00aa01 10000 100 9653 2043390744 26038 18162
0b00aa01 0b001b01 10000 100 2066908 2040642987 2808614 1754474
0b007a01 0b000a01 10000 100 89138 2043324083 173718 85270
0b00a401 0b004e01 10000 100 4916 2043514012 13909 14152
0b009401 0b00c701 10000 100 330066 2043273054 361972 288616
0b00a501 0b000e01 10000 100 186875 2043581338 218697 167728
0b003601 0b000301 10000 100 172475 2043681005 168566 155592
0b002301 0b004801 10000 100 42107 2043806800 48287 45577
0b00f201 0b00d701 10000 100 8320201 2033984746 9959651 7032284
0b003f01 0b00ff01 10000 100 701330 2042808133 1177152 601952
0b007401 0b001e01 10000 100 3615 2043986138 15441 13068
0b001501 0b004401 10000 100 524959 2043523711 531509 453067
0b005301 0b005601 10000 100 1797729 2042502441 1665130 1522895
0b00c501 0b009501 10000 100 31506 2044121451 69746 36612
0b00b001 0b001a01 10000 100 9461 2044192985 18608 18008
0b006901 0b004101 10000 100 7412 2044232694 16096 16281
0b000501 0b00f701 10000 100 34840 2044275848 44210 39412
0b008f01 0b008001 10000 100 1957352 2042638279 1876443 1657633
0b00e501 0b006601 10000 100 55545 2044551468 70529 56900
0b007101 0b008d01 10000 100 3638640 2040943053 3734314 3081028
0b00f101 0b000a01 10000 100 4928992 2038937384 5821192 4170069
0b00aa01 0b000f01 10000 100 1557384 2042364202 2424048 1324459
0b00b401 0b001b01 10000 100 9938 2044772916 18304 18390
0b003801 0b000501 10000 100 41885 2044745724 48056 45356
0b000c01 0b008f01 10000 100 2184619 2042422467 2422199 1853835
0b00d601 0b007601 10000 100 913258 2044005110 936496 780822
0b00bb01 0b004801 10000 100 1806 2044935834 12961 11532
0b005e01 0b004a01 10000 100 3536 2045049528 12678 13004
0b00a201 0b006c01 10000 100 3650 2045152708 13464 13096
0b008e01 0b002c01 10000 100 778521 2044455334 803236 667092
0b001401 0b005501 10000 100 4454 2045279846 15129 13783
0b007001 0b009d01 10000 100 12170 2045370693 21943 20308
0b004401 0b004d01 10000 100 16999 2045388527 22386 19947
0b00bb01 0b002001 10000 100 2236286 2043108442 2320359 1897456
0b001e01 0b005601 10000 100 21613 2045406362 31623 28258
0b00d801 0b009101 10000 100 31435 2045472412 41563 36556
0b00e101 0b009701 10000 100 19029 2045587668 28164 26103
0b002901 0b009201 10000 100 3942101 2040499281 5162254 3337172
0b00be01 0b00dd01 10000 100 1604 2045723230 10978 11371
0b00b101 0b001301 10000 100 7678543 2030273021 15524073 6490710
0b005b01 0b001801 10000 100 58002 2045515505 339208 58997
0b005501 0b009c01 10000 100 882982 2044999640 891489 755237
0b006001 0b002401 10000 100 1277745 2044696298 1269418 1088428
0b004701 0b00a401 10000 100 9898 2045960583 18287 18358
0b000501 0b005901 10000 100 3070 2046014125 12305 12632
0b00ab01 0b00f401 10000 100 7642 2046012956 16817 16465
0b00bc01 0b007f01 10000 100 6308940 2028952431 17138049 5334748
0b005201 0b008901 10000 100 35508 2046057176 41789 39990
0b00ef01 0b00bc01 10000 100 27874063 2014896599 31223016 23535750
0b004401 0b00c601 10000 100 61705 2046179568 71739 62092
0b009f01 0b00e701 10000 100 2994 2046240641 15421 12527
0b00f301 0b001e01 10000 100 8184721 2037748187 8545597 6917916
0b007d01 0b00ca01 10000 100 127986 2046144368 175118 118020
0b007701 0b001901 10000 100 35794 2046308638 42134 40219
0b004601 0b001301 10000 100 9291621 2029431919 16919261 7852144
0b00d801 0b006101 10000 100 514738 2045888172 561085 444450
0b008901 0b00eb01 10000 100 7813 2046448470 16407 16602
0b006c01 0b001801 10000 100 1546021 2044882015 1758073 1314884
0b00fb01 0b007d01 10000 100 4156 2046629917 13251 13544
0b006501 0b009501 10000 100 12321008 2033794728 12892258 10408974
0b00b701 0b008b01 10000 100 74336 2046486432 239763 72768
0b001e01 0b004d01 10000 100 1108797 2045606097 1204171 945833
0b00db01 0b008801 10000 100 1209502 2045610621 1246292 1030841
0b00af01 0b008d01 10000 100 96076 2046755542 102856 91128
0b00a301 0b00aa01 10000 100 8811067 2038112357 8831324 7442181
0b007a01 0b008d01 10000 100 23563 2046990533 30640 29906
0b00ba01 0b004f01 10000 100 10131 2047035569 26347 18588
0b003101 0b006901 10000 100 23589 2047036261 32616 29927
0b003201 0b00c201 10000 100 23510 2047050662 30385 29864
0b002901 0b00e701 10000 100 2722080 2043281091 3809689 2307476
0b008101 0b00d401 10000 100 2866887 2044163573 2961848 2429657
0b007e01 0b000901 10000 100 602794 2046545645 613787 518767
0b00c301 0b00a801 10000 100 2811121 2044298924 2878767 2382624
0b006a01 0b001a01 10000 100 23305 2047237045 31651 29700
0b003401 0b005001 10000 100 8701315 2038300309 9077000 7353940
0b008201 0b00a201 10000 100 1299366 2045036232 2358037 1106692
0b00b201 0b009a01 10000 100 74598 2047424796 78190 72978
0b007001 0b00c801 10000 100 107965 2047481868 108962 101124
0b00c601 0b004301 10000 100 1665852 2044896517 2708643 1415985
0b004601 0b00d901 10000 100 299509 2047349200 359498 262807
0b005301 0b008e01 10000 100 22801 2047693321 29977 29252
0b004b01 0b00af01 10000 100 28386491 2016719371 31068812 23968220
0b003301 0b002401 10000 100 54009 2047751300 59600 55627
0b00a601 0b001301 10000 100 51545 2047804998 56947 53524
0b005901 0b001101 10000 100 288622 2047549442 322487 253613
0b00e601 0b000301 10000 100 25952 2047859138 55159 31905
0b00ed01 0b00cf01 10000 100 122519 2047799307 125174 113427
0b00cb01 0b004101 10000 100 2836 2048131858 13590 12400
0b00a101 0b001f01 10000 100 62604 2048122580 66791 62855
0b001b01 0b009301 10000 100 142874 2048042896 155865 130591
0b00aa01 0b00bb01 10000 100 3659953 2044099055 4116315 3099002
0b00d801 0b00ed01 10000 100 1191488 2046973166 1311039 1015638
0b002701 0b008b01 10000 100 827414 2046532634 1913575 708363
0b00a101 0b004a01 10000 100 196094 2048392294 190239 175543
0b00e001 0b00f801 10000 100 28553 2048597143 35458 34118
0b009501 0b00f001 10000 100 44582 2048742648 50670 47645
0b00c001 0b005801 10000 100 670732 2048157631 718940 576109
0b005601 0b00ee01 10000 100 971537 2047914056 1020982 829997
0b006901 0b009501 10000 100 42145 2048862143 83019 45608
0b002501 0b002001 10000 100 17270 2048957349 34792 20208
0b003b01 0b000101 10000 100 1518497 2047549059 1623885 1291633
0b009701 0b004801 10000 100 106013 2049128420 107429 99518
0b00ad01 0b003601 10000 100 31015 2049208736 63279 36220
0b001801 0b00b201 10000 100 31605 2049239924 64154 36692
0b006c01 0b00ce01 10000 100 2432996 2046738260 2652584 2063448
0b00f001 0b009401 10000 100 61703 2049063267 360499 62090
0b004501 0b000601 10000 100 64997 2049378624 69694 64857
0b00fe01 0b004c01 10000 100 897825 2048614510 919374 767772
0b002801 0b00ba01 10000 100 27142 2049551849 36561 32945
0b003f01 0b004301 10000 100 8895941 2037983899 11604690 7518176
0b002201 0b000001 10000 100 17669 2049607765 25241 24927
0b00c601 0b00e301 10000 100 939499 2048686593 954944 802959
0b003901 0b00d801 10000 100 8098462 2040511024 9367143 6845125
0b007f01 0b00c201 10000 100 918 2049885291 10252 10778
0b00e601 0b003701 10000 100 3996815 2045811873 4105695 3383320
0b003901 0b00fa01 10000 100 27488 2049918459 35952 33222
0b007401 0b00fb01 10000 100 2661820 2047329256 2665588 2256584
0b008a01 0b00e301 10000 100 4066 2050025682 12889 13472
0b00f501 0b009201 10000 100 2703246 2047254044 2830094 2291572
0b001801 0b004401 10000 100 4695269 2045239684 4926983 3972839
0b00df01 0b00ff01 10000 100 32914 2050166627 39510 37783
0b003401 0b001e01 10000 100 52823 2050198908 102086 54590
0b001a01 0b008b01 10000 100 5524622 2043743059 6604310 4672797
0b00ba01 0b004101 10000 100 3510706 2046750086 3679853 2973048
0b00d301 0b009001 10000 100 50244 2050388309 55477 52439
0b00f501 0b00f301 10000 100 41605 2050499011 43610 40732
0b004d01 0b00ee01 10000 100 1418818 2049140404 1433369 1207490
0b00d001 0b008901 10000 100 45887 2050547615 51782 48733
0b008e01 0b001701 10000 100 15722 2050567887 36557 23281
0b008601 0b00ad01 10000 100 7430 2050772219 16383 16296
0b00ea01 0b00db01 10000 100 36848 2050738734 73562 41106
0b00a701 0b005701 10000 100 563 2050817577 9542 10494
0b003401 0b006f01 10000 100 990559 2049812862 1082415 846051
0b006801 0b00b601 10000 100 6078 2050903717 15271 15170
0b003501 0b007101 10000 100 6851 2050912122 16619 15788
0b004e01 0b00f501 10000 100 7668118 2040136745 10844211 6481930
0b00eb01 0b009b01 10000 100 2501 2051051036 11773 12132
0b001201 0b009201 10000 100 759 2051063576 9936 10651
0b00c301 0b002c01 10000 100 52796 2051112804 58085 54568
0b00e001 0b003801 10000 100 1551875 2049750294 1608779 1319788
0b00d101 0b008f01 10000 100 12687 2051491920 20402 20721
0b002001 0b002501 10000 100 435524 2051159157 448065 373203
0b00db01 0b000401 10000 100 12898 2051652697 22034 20890
0b008c01 0b005801 10000 100 23594 2051685661 32766 29931
0b009901 0b004101 10000 100 9146 2051781803 17818 17756
0b009b01 0b002601 10000 100 888 2051853629 10253 10754
0b009a01 0b001701 10000 100 1322227 2050508364 1361760 1125993
0b00a701 0b005701 10001 100 25493 2052041800 32493 31538
0b005401 0b00b101 10000 100 52541 2052027929 114021 54364
0b00ae01 0b00a501 10000 100 2813 2052156030 7540 7982
0b00f401 0b006901 10000 100 4628 2052191058 17063 13922
0b00c501 0b005b01 10000 100 4515 2052200250 13759 13832
0b001801 0b006b01 10000 100 209426 2052034439 255585 186780
0b005901 0b003801 10000 100 43756 2052436512 49728 46940
0b005f01 0b009801 10000 100 8224734 2037967053 14622739 6951687
0b00a401 0b009a01 10000 100 3504 2052597142 12821 12979
0b001601 0b00c401 10000 100 30856 2052522805 93851 36048
0b005801 0b006101 10000 100 2516419 2050032439 2624432 2133883
0b000801 0b009401 10000 100 4779174 2047745119 5035677 4043659
0b00ac01 0b000601 10000 100 1277 2052837460 10717 11109
0b000201 0b00c001 10000 100 7120529 2045478489 7423497 6019747
0b008801 0b006701 10000 100 795098 2051542572 1379539 681102
0b004b01 0b002101 10000 100 42249 2052906300 51254 45691
0b008f01 0b007a01 10000 100 1101393 2051753814 1224481 939602
0b004801 0b000d01 10000 100 447998 2052612891 470947 388110
0b006201 0b00f701 10000 100 1380170 2051680456 1530467 1174900
0b005401 0b00c601 10000 100 5796 2053238766 14834 14900
0b00a601 0b00e201 10000 100 6705 2053475408 15444 15672
0b003701 0b00cf01 10000 100 20441 2053494869 27827 27276
0b00e701 0b00dd01 10000 100 5642873 2047759758 5781705 4772590
0b00ba01 0b00d201 10000 100 1634 2053581180 12080 11395
0b00e101 0b001601 10000 100 37609 2053549124 57907 41759
0b00a901 0b00e001 10000 100 16556 2053585889 24252 23992
0b005b01 0b001601 10000 100 20317 2053571489 40244 27177
0b003301 0b001801 10000 100 2682227 2050941640 2749851 2273833
0b003a01 0b007001 10000 100 1875961 2052022538 1909816 1593312
0b009901 0b003e01 10000 100 37654 2053921664 44007 41795
0b00f401 0b006501 10000 100 9437616 2043864864 10125320 7975364
0b001501 0b00f801 10000 100 3451059 2050518348 3588702 2922735
0b002501 0b001401 10000 100 22421579 2030625947 23495665 18933831
0b002801 0b005901 10000 100 3802 2054125986 13383 13217
0b00b301 0b00a901 10000 100 22462 2054125346 29729 28981
0b00b001 0b00b101 10000 100 7257392 2047441006 6762101 6130865
0b00bb01 0b00c101 10000 100 54737 2054120213 181691 56209
0b00fc01 0b00dd01 10000 100 9241 2054412171 25494 17832
0b00d801 0b00fa01 10000 100 637602 2053770565 691172 548153
0b00d901 0b009f01 10000 100 8674969 2045448217 9034332 7331675
0b009501 0b001d01 10000 100 29530 2054512819 36439 34944
0b00cd01 0b005201 10000 100 1896 2054546123 11374 11604
0b002f01 0b003501 10000 100 3249 2054546289 14344 12775
0b00a101 0b006201 10000 100 42863 2054768982 48676 46182
0b00ef01 0b006801 10000 100 17685 2054797347 24971 24940
0b00ab01 0b002801 10000 100 1175113 2053573603 1307789 1001834
0b000401 0b00c401 10000 100 6430229 2048233896 6673435 5437147
0b003b01 0b002501 10000 100 1959548 2052825884 2137547 1663878
0b00d501 0b002d01 10000 100 9053879 2045577552 9423264 7651479
0b001401 0b000201 10000 100 4224 2055015045 14646 13599
0b007601 0b000701 10000 100 796195 2054233726 827669 682024
0b002b01 0b005001 10000 100 2332 2055050851 11638 11997
0b005001 0b005601 10000 100 25557 2055070161 28640 27189
0b00cf01 0b004701 10000 100 21166 2055176238 28521 27900
0b00e001 0b00a801 10000 100 31007 2055195662 37864 36213
0b008601 0b001901 10000 100 3374 2055228136 12258 12875
0b005e01 0b00ea01 10000 100 1687668 2053426930 1886806 1434406
0b005401 0b003f01 10000 100 5271 2055331325 14223 14480
0b002301 0b00e301 10000 100 69752 2055275122 77176 68881
0b00ca01 0b009a01 10000 100 50428 2055315601 55728 52586
0b006501 0b00ac01 10000 100 5221 2055361894 14238 14440
0b000401 0b00d101 10000 100 37189 2055440191 43551 41423
0b007a01 0b002c01 10000 100 5426 2055514196 18842 14604
0b005b01 0b009401 10000 100 60874 2055525928 65522 61383
0b00bb01 0b00bd01 10000 100 1258798 2053526820 2068428 1068034
0b006001 0b003401 10000 100 874155 2054638779 967138 747824
0b004501 0b00f801 10000 100 8184 2055640062 16491 16943
0b007d01 0b007101 10000 100 33926 2055608140 71018 34236
0b008301 0b005d01 10000 100 22382 2055659200 29589 28917
0b008d01 0b00e201 10000 100 177850 2055524777 173666 160112
0b009e01 0b008a01 10000 100 18827 2055768168 73504 25897
0b001901 0b000b01 10000 100 2822009 2052172558 3671611 2391819
0b00c501 0b002701 10000 100 8855 2055851822 23931 17480
0b003001 0b00b301 10000 100 58929 2055883321 69344 59739
0b00b001 0b00c601 10000 100 79942 2055964705 82913 77473
0b00ec01 0b009701 10000 100 3484702 2052466990 3678517 2951101
0b005b01 0b00d101 10000 100 8299 2056194887 16583 17035
0b008701 0b00d201 10000 100 22883 2056244028 50131 29318
0b006601 0b002601 10001 100 681201 2055215900 1153927 584968
0b005f01 0b002901 10000 100 1517875 2054849032 1578167 1291092
0b002301 0b00eb01 10000 100 78841 2056316117 111516 76548
0b003401 0b002601 10000 100 3854386 2051762801 4751958 3263128
0b009301 0b00f901 10000 100 75452 2056331418 202151 73705
0b00aa01 0b00d501 10000 100 226637 2056294761 265926 201297
0b00bb01 0b004201 10000 100 5726691 2049660975 6903012 4843340
0b004e01 0b000b01 10000 100 3618137 2045739481 10928507 3063745
0b008601 0b006801 10000 100 29205 2056659955 36209 34684
0b004701 0b00fc01 10000 100 104774 2056605760 116291 98439
0b002e01 0b000c01 10000 100 10271 2056708259 18315 18700
0b002b01 0b006301 10000 100 56657 2056691561 61551 57833
0b00fc01 0b00ac01 10000 100 46949 2056697465 92756 49627
0b003201 0b00f201 10000 100 24906 2056800575 31810 31024
0b009601 0b00e701 10000 100 52762 2056777176 101150 54541
0b00a101 0b005201 10000 100 32958 2056853912 39592 37818
0b008001 0b00f101 10000 100 5736 2056895222 18178 14852
0b00f101 0b002d01 10000 100 36613 2057006289 43965 40918
0b001101 0b002c01 10000 100 25861 2057039979 64264 31832
0b003801 0b009101 10000 100 10390 2057198177 19577 18796
0b00b301 0b004c01 10000 100 2215193 2054946938 2298860 1879658
0b005f01 0b009701 10000 100 36890 2057259559 43044 41140
0b00e701 0b004d01 10000 100 32290 2057297778 38916 37284
0b003701 0b002d01 10000 100 59879 2057382388 64486 60543
0b00ea01 0b00de01 10000 100 9876377 2046283493 11229147 8345689
0b004801 0b006701 10000 100 6534 2057524148 18071 15535
0b00d701 0b00af01 10000 100 60431 2057546068 65198 61028
0b00fc01 0b002301 10000 100 4280198 2053296811 4455267 3622522
0b009301 0b004b01 10000 100 5444144 2048398629 9377955 4604895
0b003501 0b004101 10000 100 23083 2057920484 32805 29522
0b00b401 0b00a601 10000 100 1545131 2056554012 1596714 1314128
0b004b01 0b006501 10000 100 10795 2058153046 19213 19120
0b003301 0b001701 10000 100 238349 2057623980 594784 211195
0b000c01 0b004001 10000 100 990905 2057246666 1052333 846328
0b008c01 0b004c01 10000 100 21663 2058373984 28936 28298
0b00be01 0b006201 10000 100 39128 2058296599 107698 43062
0b00ad01 0b005901 10000 100 279129 2057256396 1196774 245623
0b003a01 0b00e401 10000 100 72411 2058432441 93207 71140
0b000e01 0b000801 10000 100 70437 2058531705 69896 65073
0b001001 0b00ed01 10000 100 5360582 2052949148 5652659 4534349
0b00fc01 0b002101 10000 100 2671 2058637534 11619 12268
0b009f01 0b00a001 10000 100 69070 2058586582 72977 68336
0b002601 0b00ee01 10000 100 11064 2058722461 19316 19379
0b00a401 0b009c01 10000 100 29854 2058716022 36494 35203
0b005401 0b009101 10000 100 2533813 2056206072 2643268 2148546
0b002801 0b00e801 10000 100 35333 2058917278 76415 39850
0b009901 0b004c01 10000 100 15915 2058993236 23599 23436
0b008001 0b000801 10000 100 6406 2059011829 16580 15432
0b006401 0b002601 10000 100 135 2059024046 9051 10152
0b004601 0b002701 10000 100 4165551 2054822848 4324838 3525744
0b008401 0b006401 10000 100 9422527 2049522006 9727497 7962633
0b000d01 0b00f701 10000 100 135718 2059098439 204548 124558
0b009101 0b000801 10000 100 22310 2059317130 29695 28860
0b008d01 0b000c01 10000 100 15016 2059354857 22881 22716
0b00b401 0b00da01 10000 100 26689 2059359165 35071 32539
0b00eb01 0b007401 10000 100 51044 2059285458 133357 53123
0b00dd01 0b004d01 10000 100 474595 2059013746 491361 410576
0b003901 0b00ce01 10000 100 9729909 2049154721 10476501 8222047
0b00be01 0b004e01 10000 100 3382564 2055848405 3943119 2864903
0b003401 0b008c01 10000 100 7327 2059831495 16019 16213
0b009401 0b008001 10000 100 9345 2059835290 25731 17916
0b003301 0b007601 10000 100 2407990 2057211608 2664674 2042344
0b005701 0b002601 10000 100 67002 2059915670 71220 66593
0b002601 0b009801 10000 100 3842 2060029747 15264 13249
0b003f01 0b002001 10000 100 1858873 2056902937 3287011 1578894
0b00cd01 0b00d301 10000 100 1395 2060488510 10521 11204
0b006901 0b00d201 10000 100 13220956 2046675573 13825579 11168488
0b008e01 0b009a01 10000 100 11169 2060484157 28814 19463
0b004e01 0b00b401 10000 100 4997083 2049534119 11059883 4227578
0b004c01 0b00a101 10000 100 1013568 2059595542 1026326 865470
0b009d01 0b00e001 10000 100 40037 2060678137 117244 43833
0b003701 0b00a301 10000 100 1162117 2059597949 1326080 990865
0b00a201 0b008301 10000 100 43730 2060966513 52436 46920
0b00e101 0b001401 10000 100 25496 2060988397 35347 31540
0b000e01 0b00b101 10000 100 58684 2060988934 107637 59543
0b008401 0b00be01 10000 100 43718 2061085308 120639 46910
0b003901 0b00a901 10000 100 653968 2060516424 696547 561950
0b003b01 0b001e01 10000 100 54408 2061126565 104214 55946
0b000901 0b003701 10000 100 15824 2061271585 23526 23363
0b002201 0b003101 10000 100 58853 2061423243 63973 59678
0b005f01 0b009f01 10000 100 76527 2061404200 85798 74609
0b00b601 0b008001 10000 100 9093229 2050207884 11291703 7684719
0b00a001 0b00bb01 10000 100 22667 2061594771 29862 29145
0b00f701 0b002201 10000 100 53685 2061468548 177333 55324
0b007d01 0b00c601 10000 100 3893 2061635056 12963 13290
0b006e01 0b001a01 10000 100 35631 2061711856 42107 40088
0b007a01 0b003501 10000 100 11372521 2049975024 11839764 9608428
0b003f01 0b007101 10000 100 4699363 2055600339 6225377 3976290
0b00f101 0b00ee01 10000 100 64872 2061724635 116950 64757
0b00ea01 0b007801 10000 100 1692825 2058626641 3216580 1438752
0b008401 0b00e201 10000 100 1546465 2060206024 1637818 1315240
0b00f601 0b001301 10000 100 4048449 2057722361 4205794 3426915
0b00b401 0b00e801 10000 100 22079 2061908397 51634 28675
0b00d901 0b00e601 10000 100 251 2061996151 8920 10244
0b005001 0b006901 10000 100 15586 2062054958 23433 23172
0b009801 0b00b901 10000 100 289168 2061789280 302134 254094
0b002501 0b00fa01 10000 100 4345874 2057596948 4568443 3677923
0b000b01 0b000801 10000 100 2993 2062232966 7684 8126
0b008a01 0b009001 10000 100 92180 2062163933 94724 87836
0b009901 0b008701 10000 100 2132 2062272994 11664 11837
0b005b01 0b00ea01 10000 100 50183 2062284730 61427 52390
0b004201 0b00c501 10000 100 4760 2062464306 14446 14028
0b00b101 0b002f01 10000 100 1170 2062485031 11096 11024
0b00f701 0b008e01 10000 100 1007438 2060648420 1884895 860302
0b00e801 0b005a01 10000 100 9107473 2052407312 10181681 7696730
0b009e01 0b00b201 10000 100 9062477 2053102373 9492224 7658753
0b003b01 0b00f501 10000 100 4892657 2057588634 5123225 4139417
0b006a01 0b003401 10000 100 5579 2062723940 14417 14727
0b00f501 0b003d01 10000 100 29950 2062712879 36730 35280
0b001b01 0b002001 10000 100 5187 2062815684 15983 14413
0b00aa01 0b005401 10000 100 3463010 2059219838 3642571 2932824
0b009501 0b006b01 10000 100 1006087 2061831356 1052478 859177
0b00b801 0b005a01 10000 100 1235952 2060476980 2580990 1053145
0b00e501 0b009801 10000 100 16198022 2040606073 22501075 13681173
0b003401 0b008d01 10000 100 23479 2063078383 30335 29839
0b00ca01 0b000001 10000 100 5639 2063186605 14224 14775
0b003f01 0b009a01 10000 100 49478 2063194843 55042 51782
0b00c601 0b00f901 10000 100 38047 2063357975 44325 42153
0b00fd01 0b009901 10001 100 61530 2063362448 65720 61952
0b00f701 0b00dc01 10000 100 21967522 2034333592 29205088 18550609
0b009801 0b005601 10000 100 298210 2063274982 319147 261724
0b004801 0b004d01 10000 100 57550 2063643614 64665 54192
0b00d101 0b007701 10000 100 5159 2063816828 13840 14391
0b002b01 0b009301 10000 100 12622 2063825656 21351 20669
0b008601 0b00d501 10000 100 20630 2063917888 30540 27428
0b006401 0b008601 10000 100 1517023 2062384428 1571803 1290410
0b002501 0b00b901 10000 100 52114 2063911871 57780 54023
0b00e701 0b00d601 10000 100 7588 2063962765 16227 16422
0b00cf01 0b009901 10000 100 79456 2063831932 153867 77084
0b00df01 0b009e01 10000 100 2334906 2061464840 2522428 1980664
0b003a01 0b00b201 10000 100 655304 2063493804 690940 563107
0b003d01 0b00cb01 10000 100 15497 2064146522 38998 23101
0b00f201 0b009401 10000 100 77443 2064109729 80370 75386
0b004101 0b00f101 10000 100 1180480 2062524445 1689040 1006348
0b007201 0b005201 10000 100 31192 2064185052 41300 36361
0b00b001 0b00ee01 10000 100 71240 2064134751 144339 70160
0b004d01 0b008901 10000 100 3833452 2058431273 5861358 3245457
0b008301 0b000b01 10000 100 1834449 2062463882 1866621 1558299
0b009b01 0b00f201 10000 100 2088 2064329074 11577 11802
0b008201 0b002701 10000 100 558265 2063297406 1075693 481208
0b007001 0b003001 10000 100 58128 2064372366 63063 59098
0b009f01 0b004901 10000 100 4491569 2059874390 4639604 3800903
0b007801 0b00e001 10000 100 21065 2064501350 28317 27820
0b00b501 0b009201 10000 100 30811 2064546952 37489 36012
0b00aa01 0b003201 10000 100 926792 2063763745 945487 792221
0b002001 0b001701 10000 100 7838788 2056726691 8157026 6625946
0b005f01 0b007201 10000 100 1288736 2063553634 1337542 1097704
0b00d401 0b008c01 10000 100 172130 2064588027 330110 155316
0b00c301 0b000201 10000 100 1286780 2062146188 2824755 1096052
0b002f01 0b00fa01 10000 100 41204 2064984031 48232 44811
0b00e601 0b00d401 10000 100 1313 2065149442 10455 11138
0b00a301 0b002d01 10000 100 5144282 2059857937 5369057 4351805
0b00cf01 0b004701 10001 100 4440305 2060653874 4618514 3757648
0b001601 0b000801 10000 100 82005 2065092781 214179 79256
0b001b01 0b00e101 10001 100 21049 2065339312 49689 27807
0b00a801 0b00cd01 10000 100 26601 2065351294 49328 32468
0b000b01 0b004e01 10000 100 2803 2065462473 12541 12374
0b002801 0b00a801 10000 100 32094 2065441341 39062 37127
0b004d01 0b002f01 10000 100 6126 2065475413 25382 15208
0b00eb01 0b002f01 10000 100 1470628 2061790108 3895612 1251226
0b00f201 0b006d01 10000 100 74811 2065779490 77842 73148
0b00eb01 0b008801 10000 100 2052701 2060973489 4905710 1742492
0b00c401 0b006801 10000 100 6809898 2057589797 8307036 5757558
0b009601 0b005f01 10000 100 9293 2065891997 25114 17874
0b002f01 0b00a601 10000 100 76396 2065838035 116725 74504
0b00b901 0b001a01 10000 100 1962729 2063946000 2056057 1666555
0b002101 0b008c01 10000 100 1524019 2063056759 3024299 1296315
0b00be01 0b000d01 10000 100 724623 2065243778 840332 621598
0b00dd01 0b007d01 10000 100 582 2066122549 9394 10509
0b00ef01 0b00e301 10000 100 6408 2066186484 11779 11034
0b00d701 0b00ab01 10000 100 25353 2066259252 32167 31426
0b009501 0b00cd01 10000 100 61951 2066135088 165979 62288
0b004101 0b004801 10000 100 1556925 2064861000 1443485 1319648
0b007f01 0b00f701 10000 100 7383222 2058167011 8281576 6241473
0b009601 0b009901 10000 100 4976 2066467986 13247 9800
0b00cc01 0b00dd01 10000 100 156321 2066378433 153474 141964
0b00a601 0b004301 10000 100 42771 2066564556 48854 46108
0b005101 0b003b01 10000 100 2179189 2064423913 2268512 1849271
0b009301 0b006701 10000 100 21970273 2039832601 27021964 18552942
0b004e01 0b000201 10000 100 10844272 2047407978 19696357 9162597
0b003501 0b004701 10000 100 23422 2067078226 33645 29793
0b00b601 0b00ad01 10000 100 17820 2067096090 26630 25048
0b004701 0b009901 10000 100 14309 2067158320 22193 22107
0b00cd01 0b00e001 10000 100 33850 2067123395 85247 38576
0b002c01 0b003201 10000 100 28930 2067221790 35760 34420
0b008201 0b00e101 10000 100 24901333 2040250538 27099689 21026754
0b00b101 0b000101 10000 100 47783 2067307951 55788 50338
0b00a101 0b00b401 10000 100 4787082 2062395017 5012446 4050337
0b009601 0b00e201 10000 100 15025 2067386528 35198 22724
0b005b01 0b004601 10000 100 9553 2067415024 19210 18082
0b008401 0b007301 10000 100 6822 2067462861 15689 15765
0b00cf01 0b008201 10000 100 247500 2067313110 242084 218912
0b004901 0b004301 10000 100 47087 2067534752 51491 45381
0b004601 0b001301 10001 100 435758 2067164850 459892 377790
0b001601 0b00ee01 10000 100 1964557 2064141444 3561788 1668105
0b00bc01 0b00e501 10000 100 26669770 2033202655 34569957 22519296
0b005501 0b003501 10000 100 882831 2066919405 954809 755116
0b004601 0b003c01 10000 100 58887 2067810526 87123 59705
0b004d01 0b006f01 10000 100 28801 2067833103 100949 34316
0b00de01 0b00e401 10000 100 246679 2067689912 261605 218211
0b00cf01 0b00ad01 10000 100 20343 2067994666 46001 27198
0b002201 0b009b01 10000 100 782065 2066979045 1166978 670104
0b00e401 0b005801 10000 100 29114 2068046321 113248 34611
0b00cd01 0b008c01 10000 100 1071035 2066529532 1666577 913996
0b000701 0b009e01 10000 100 171202 2068087815 214959 154529
0b008501 0b002701 10000 100 5359143 2062200707 6129529 4533154
0b00a301 0b00d801 10000 100 351373 2067999164 333715 306586
0b00b501 0b004101 10000 100 50883 2068279092 56182 52950
0b005a01 0b00cd01 10000 100 39339 2068297205 75744 43231
0b007f01 0b00bf01 10000 100 1955375 2066380415 2014936 1660364
0b006f01 0b009201 10000 100 14960 2068395938 22705 22628
0b00f501 0b00ad01 10000 100 728767 2067736690 848236 625089
0b00ef01 0b00d401 10000 100 7052 2068575887 16022 15993
0b002c01 0b00b501 10000 100 7181 2068701016 16318 16096
0b009301 0b003e01 10000 100 11239 2068699595 27955 19519
0b00e401 0b007f01 10000 100 1294570 2066481122 2330071 1102636
0b00bb01 0b00ca01 10000 100 3504357 2065152884 3661537 2967705
0b006701 0b00b301 10000 100 25497 2068848545 53440 31541
0b007f01 0b001601 10000 100 62866 2068906072 73851 63064
0b00b401 0b008c01 10000 100 5737 2068966166 19299 14853
0b000001 0b00d401 10000 100 141926 2068917090 140235 129788
0b000d01 0b00fb01 10000 100 3251271 2065764237 3330915 2754104
0b000801 0b00c601 10000 100 9365 2069160415 17513 17932
0b001c01 0b007e01 10000 100 9771237 2059130952 10135446 8256957
0b00c001 0b008001 10000 100 9220923 2058420404 10918864 7792462
0b001801 0b004801 10000 100 23982 2069453618 31033 30241
0b002101 0b00b401 10000 100 35085 2069454302 70438 39652
0b000501 0b00ef01 10000 100 154882 2069448308 152288 140725
0b002701 0b00f001 10000 100 53778 2069546842 59194 55398
0b00ca01 0b00c101 10000 100 53549 2069599214 54535 50815
0b002201 0b008c01 10000 100 4036890 2062646215 7039437 3417140
0b002101 0b00ed01 10000 100 1960795 2067736190 2053348 1664920
0b00f801 0b00c801 10000 100 23661 2069808549 46751 29984
0b000701 0b00d301 10000 100 3900 2069869569 12679 13296
0b004501 0b001a01 10000 100 19991 2069882706 27353 26872
0b00d101 0b007301 10000 100 155817 2069953284 152866 141517
0b003201 0b00f001 10000 100 10687 2070208474 18938 19033
0b00bf01 0b00a501 10000 100 59312 2070151742 108353 60089
0b00f801 0b001e01 10000 100 1313064 2068751676 1514142 1118267
0b00af01 0b00f101 10000 100 63432 2070152806 117145 63561
0b001e01 0b00aa01 10000 100 1596010 2068631567 1700993 1357076
0b004b01 0b009f01 10000 100 16751 2070338211 24225 24148
0b00f301 0b005001 10000 100 128041 2070242760 133232 118108
0b005101 0b00de01 10000 100 4998 2070466461 13634 14218
0b003c01 0b00d601 10000 100 2955195 2066671227 3845835 2504220
0b00f701 0b001701 10000 100 8229 2070660290 23625 16979
0b007001 0b00cd01 10000 100 9875 2070703807 19088 18340
0b004701 0b007601 10000 100 9533 2070807230 25103 18066
0b00bc01 0b006301 10000 100 136851 2070802077 135422 125508
0b007c01 0b005e01 10000 100 44460 2070998914 50443 47548
0b003c01 0b006201 10000 100 1704756 2068617977 2565240 1448824
0b00e201 0b00cb01 10000 100 29487 2071234802 37403 34909
0b00db01 0b003001 10000 100 3045 2071335734 13151 12612
0b00b601 0b00c101 10000 100 30621 2071346194 37176 35860
0b00a101 0b006e01 10000 100 1680315 2069683289 1729857 1428216
0b00b601 0b005301 10000 100 27589 2071383580 36082 33303
0b004d01 0b00e901 10000 100 3559340 2064304039 7228932 3014112
0b00e101 0b006101 10000 100 58164 2071601792 63175 59127
0b00df01 0b008201 10000 100 1819 2071653913 11150 11543
0b00f801 0b00ff01 10000 100 39224 2071632714 80503 38739
0b000501 0b00a901 10000 100 32083 2071725348 41804 37118
0b00c601 0b000b01 10000 100 1273 2071787204 10713 11106
0b004d01 0b00f601 10000 100 6079142 2060080693 11729980 5140833
0b000001 0b003d01 10000 100 1258769 2070646232 1333060 1072411
0b00ed01 0b005d01 10000 100 16960 2071988109 24267 24316
0b00d201 0b009c01 10000 100 9695 2072016129 18074 18196
0b009601 0b009d01 10000 100 17152597 2054181311 17944642 14482409
0b002601 0b002301 10000 100 64649 2072112621 64514 60179
0b00cb01 0b004301 10000 100 155341 2071953557 282744 141136
0b006901 0b007701 10000 100 1752266 2069765024 2637554 1488944
0b006f01 0b000701 10000 100 29430 2072395755 38394 34864
0b006401 0b00ee01 10000 100 399717 2072148794 378576 347373
0b008e01 0b00c901 10000 100 67750 2072422095 128154 67192
0b004b01 0b002d01 10000 100 55472 2072512849 63834 56841
0b00d701 0b00d901 10000 100 36962 2072635959 39316 36797
0b004f01 0b008d01 10000 100 62017 2072621744 69710 62385
0b002e01 0b004001 10000 100 16658 2072667505 24328 24074
0b007101 0b003001 10000 100 3868836 2068720730 4000979 3275304
0b009901 0b001201 10000 100 58267 2072824431 69171 59209
0b004201 0b007001 10000 100 1114623 2071833746 1122333 950758
0b00c401 0b008301 10000 100 22839 2073003884 30424 29283
0b009d01 0b00cd01 10000 100 19692024 2043459230 29576039 16630111
0b00b801 0b002501 10000 100 6938 2073165191 17159 15858
0b004d01 0b004901 10000 100 29122 2073160520 55951 30217
0b00b301 0b009701 10000 100 766072 2071993212 1280139 656605
0b00c901 0b00c501 10000 100 333700 2072972368 344850 287256
0b00e001 0b009f01 10000 100 2449 2073331899 11731 12091
0b006901 0b00f801 10000 100 25901 2073301444 67389 31864
0b00c101 0b007301 10000 100 20341 2073517868 43437 27196
0b008301 0b00ff01 10000 100 28958 2073552917 69910 34442
0b000f01 0b00cf01 10000 100 70128 2073613418 73799 69226
0b006801 0b007b01 10000 100 94773 2073584976 106213 89998
0b00ee01 0b004101 10000 100 20518 2073803797 28026 27338
0b00aa01 0b007301 10000 100 2501977 2071230719 2625283 2121669
0b00d201 0b001301 10000 100 14976 2073839297 22751 22640
0b00ab01 0b003e01 10000 100 4591353 2068073140 5940833 3885130
0b00e501 0b004901 10000 100 6002774 2067325900 6705621 5076351
0b004201 0b007d01 10000 100 259598 2073934921 249440 229118
0b00c401 0b006e01 10000 100 2986 2074188625 12177 12520
0b00e701 0b00b201 10000 100 2026994 2072163017 2129127 1720783
0b008c01 0b003e01 10000 100 116347 2074056482 248026 108225
0b006701 0b003301 10000 100 8719667 2065221757 9092815 7369413
0b00d201 0b00f601 10000 100 423310 2073915482 400454 367304
0b008001 0b007701 10000 100 1618721 2072713400 1707707 1376212
0b00f701 0b001f01 10000 100 50677 2074299836 128643 52785
0b00f801 0b006d01 10000 100 2976932 2070493715 4089298 2522533
0b00d101 0b002a01 10000 100 1054078 2073483432 1099862 899682
0b001601 0b00ac01 10000 100 8940091 2063750649 10917560 7555476
0b000801 0b001a01 10000 100 4590 2074772310 13795 13892
0b00fa01 0b005d01 10000 100 12842 2074787608 21063 20845
0b009401 0b005001 10000 100 1868363 2072844955 2066122 1586926
0b005901 0b008701 10000 100 1760033 2073082569 1863957 1495510
0b00aa01 0b00e301 10000 100 19954 2074919663 29061 26843
0b001c01 0b00e501 10000 100 20365 2074900648 50628 27216
0b000901 0b001001 10000 100 79728 2074855346 109007 77302
0b00bc01 0b002a01 10000 100 7207 2074982051 21755 16117
0b00bb01 0b006d01 10000 100 63147 2074904411 124599 63333
0b00c701 0b00d001 10000 100 994133 2073980210 1060513 849086
0b00a001 0b006401 10000 100 456 2075055623 9349 10408
0b00b801 0b00e501 10000 100 25882 2075037239 59698 31849
0b004d01 0b006d01 10000 100 2457801 2067840266 7288469 2084392
0b008701 0b00d701 10000 100 183026 2074652364 489624 164516
0b00e101 0b005c01 10000 100 21222 2075126542 29125 27945
0b005701 0b009001 10000 100 1272 2075311020 11285 11105
0b00b801 0b00b501 10000 100 27654 2075322653 32763 28955
0b009e01 0b009601 10000 100 57027 2075316077 64196 53773
0b00f701 0b00e501 10000 100 6371023 2067875552 7511383 5387186
0b008401 0b00e501 10000 100 41733 2075352518 83385 45234
0b00cb01 0b00fc01 10000 100 8616506 2066472494 8987771 7282352
0b00e001 0b008301 10000 100 59070 2075471752 116595 59896
0b00e401 0b00f301 10000 100 11507798 2062621828 12977742 9722590
0b008e01 0b00c001 10000 100 14023985 2060477785 15315745 11846244
0b00e601 0b00db01 10000 100 10244 2075884897 18843 18679
0b00c501 0b001001 10000 100 18292031 2056008851 19962523 15448516
0b001f01 0b00a201 10000 100 62080 2075917425 127978 62436
0b003401 0b001601 10000 100 2533918 2073350124 2740952 2148630
0b00db01 0b003401 10000 100 33617 2076025244 76463 38389
0b00d501 0b00ac01 10000 100 10221 2076140062 18565 18660
0b006901 0b00b801 10000 100 4781628 2070305102 5863718 4045710
0b006f01 0b005301 10000 100 146626 2076108826 158742 133768
0b009401 0b004301 10000 100 1520161 2074687968 1649717 1293052
0b007b01 0b00b401 10000 100 53976 2076278108 101012 55556
0b008c01 0b00d901 10000 100 65473 2076140225 369911 65282
0b008c01 0b004f01 10000 100 4121932 2071611048 4908730 3488913
0b00bd01 0b003401 10000 100 1326671 2073277957 3251531 1129724
0b001001 0b008601 10000 100 6193568 2068534404 7996200 5237390
0b000301 0b002a01 10000 100 1877677 2074585051 1956080 1594773
0b00da01 0b00a101 10000 100 49492 2076491074 63201 51793
0b001b01 0b004d01 10000 100 25825 2076532150 34796 31804
0b00b301 0b00f801 10000 100 5009312 2070448596 6120317 4237889
0b00ae01 0b004001 10000 100 12673 2076643987 31159 20710
0b007401 0b000901 10000 100 6948293 2069495217 7266483 5874390
0b003201 0b00b201 10000 100 9309 2076756533 17851 17887
0b000b01 0b006501 10000 100 15047 2076757704 29827 22741
0b00bf01 0b002301 10000 100 26465 2076898019 33574 32360
0b003101 0b00b801 10000 100 15838 2076940545 23529 23374
0b00b601 0b00e501 10000 100 1805607 2074469762 2501991 1533949
0b007601 0b009101 10000 100 797733 2075555501 1417808 683298
0b005301 0b00ec01 10000 100 16728553 2059646663 17380948 14128918
0b00b901 0b002701 10000 100 63203 2076977676 74819 63378
0b006e01 0b001601 10000 100 170581 2076908769 202943 153988
0b002501 0b00c801 10000 100 122940 2077128914 125002 113764
0b002501 0b000c01 10000 100 4895 2077238621 17037 14136
0b000601 0b00cf01 10000 100 6203 2077260354 15231 15270
0b007a01 0b004b01 10000 100 2823 2077335324 13830 12390
0b003701 0b004c01 10000 100 564247 2076667726 747317 486257
0b00b701 0b001b01 10000 100 16219786 2060628690 16839159 13699508
0b00b301 0b003e01 10000 100 1073746 2076213252 1305266 916252
0b009901 0b003101 10000 100 8968 2077728958 17118 17570
0b006101 0b004801 10000 100 45633 2077756212 52284 48530
0b002c01 0b007a01 10000 100 413953 2077373929 478610 359378
0b002101 0b003c01 10001 100 74401 2077800026 81434 72820
0b005c01 0b004601 10000 100 65209 2077953987 69204 65071
0b009601 0b000d01 10000 100 4515250 2071307512 6817582 3820904
0b001401 0b006e01 10000 100 60626 2078172930 65331 61184
0b007001 0b006801 10000 100 25885 2078227468 48889 31852
0b008301 0b00e801 10000 100 3273847 2071441828 6846771 2773133
0b00bf01 0b006d01 10000 100 24840 2078332103 31853 30972
0b007401 0b006a01 10000 100 557 2078542423 9603 10489
0b00fe01 0b002101 10000 100 4260959 2074144786 4440051 3606251
0b007801 0b00a401 10000 100 630963 2078045936 641144 542534
0b00d501 0b001501 10000 100 28089 2078672459 35053 33747
0b001a01 0b005401 10000 100 2012 2078867424 12225 11741
0b00a201 0b009701 10000 100 5273737 2073266381 5619679 4461045
0b000b01 0b008201 10000 100 1258554 2077608673 1328725 1072239
0b006e01 0b009201 10000 100 36364 2078921343 42691 40719
0b00e001 0b00bc01 10000 100 53844 2078943811 59016 55451
0b007a01 0b002001 10000 100 187251 2078852824 182116 168072
0b00ea01 0b00e801 10000 100 16133752 2055734930 23375731 13622497
0b00ad01 0b00dc01 10000 100 21499841 2046989088 32147329 18155872
0b001c01 0b00d901 10000 100 4264391 2073011226 6181618 3609172
0b00a601 0b00e801 10000 100 23662 2079240847 30954 29985
0b00ae01 0b002701 10000 100 30256 2079252405 62812 35568
0b00e601 0b00cc01 10000 100 12443 2079340134 21085 20526
0b005301 0b003001 10000 100 18385 2079348035 25945 25544
0b006001 0b00d101 10000 100 96376 2079258921 133831 91368
0b00a301 0b00ce01 10000 100 3729209 2075413558 4025596 3157487
0b004701 0b000501 10000 100 8898999 2070200965 9244074 7520755
0b001401 0b001001 10000 100 9243 2079501064 14557 13434
0b005d01 0b001201 10000 100 1844945 2075616274 4232631 1567136
0b00ea01 0b009001 10000 100 3190253 2073067017 6856591 2702606
0b009c01 0b00d901 10000 100 2546496 2074706845 5322956 2159264
0b00bf01 0b000401 10000 100 28670 2080070770 35518 34212
0b004401 0b001201 10000 100 2124276 2076023283 4099504 1802920
0b00f601 0b009601 10000 100 5182 2080297455 14302 14409
0b00e001 0b00f101 10000 100 192 2080325992 8974 10197
0b00e501 0b00e901 10000 100 51802 2080306422 103444 49329
0b004701 0b002701 10000 100 42886 2080369054 53306 46200
0b005201 0b00d401 10000 100 157659 2080249126 209659 143079
0b00ae01 0b001b01 10000 100 52650 2080411261 118499 54452
0b00d401 0b008501 10000 100 940255 2079579470 964089 803608
0b00e301 0b005701 10000 100 18643457 2061142298 19424117 15745101
0b003e01 0b008501 10000 100 25134 2080542776 32196 31251
0b00d101 0b000201 10000 100 73205 2080641035 76775 71820
0b008201 0b00aa01 10000 100 17736 2080709827 26729 24980
0b002601 0b004601 10000 100 44637 2080717383 122454 47689
0b005a01 0b008801 10000 100 2012876 2076932677 3907852 1708872
0b002601 0b002301 10001 100 397382 2080478605 406253 341017
0b00fc01 0b00fa01 10000 100 2553 2080886999 7332 7774
0b00be01 0b006d01 10000 100 28117 2080945902 34844 33769
0b001701 0b00bb01 10000 100 3622 2080992977 13689 13073
0b00a701 0b00a901 10000 100 443118 2080877232 414605 379630
0b000f01 0b000901 10000 100 26445 2081245486 54559 27944
0b00e601 0b00ab01 10000 100 75483 2081282641 84244 73730
0b001001 0b00e901 10000 100 5818499 2074531636 6855581 4920835
0b00b001 0b00c001 10000 100 6969 2081515549 15804 15883
0b008e01 0b009b01 10000 100 28841 2081510311 35583 34348
0b001401 0b008d01 10000 100 177229 2081577223 207210 159615
0b009d01 0b000301 10000 100 5783 2081801693 28130 14890
0b00f201 0b009e01 10000 100 54035 2081812923 62423 55648
0b000401 0b00a401 10000 100 39362 2081896259 45747 43249
0b004901 0b009d01 10000 100 79478 2081815494 164266 77102
0b007b01 0b00d801 10000 100 1842238 2078815265 3259040 1564882
0b00cb01 0b00f701 10000 100 6245509 2075754857 6359906 5281231
0b00f101 0b004901 10000 100 41296 2082087102 47808 44884
0b009d01 0b00cb01 10000 100 522362 2081181475 975067 450901
0b008a01 0b006601 10000 100 19292 2082169185 26889 26313
0b005201 0b00bb01 10000 100 688 2082290393 10602 10594
0b004701 0b002301 10000 100 49312 2082225887 103441 51649
0b00fd01 0b008b01 10000 100 1868033 2079900809 2479661 1586662
0b003701 0b007901 10000 100 577445 2081745455 646303 497388
0b005001 0b00d301 10000 100 3986 2082393322 13012 13364
0b00bb01 0b001e01 10000 100 1519223 2080845034 1572039 1292258
0b00e501 0b005f01 10000 100 2374666 2073113148 9381430 2014232
0b005101 0b005201 10000 100 737618 2081584701 1210150 628166
0b00aa01 0b009d01 10000 100 4168010 2078089475 4759083 3527844
0b009801 0b00a301 10000 100 4811179 2071996153 10891313 4070671
0b000601 0b000a01 10000 100 40329 2082849471 42456 39667
0b009601 0b00cd01 10000 100 7057103 2073792136 9107891 5966234
0b001d01 0b00cf01 10000 100 1964625 2078998923 3927941 1668160
0b00d601 0b009501 10000 100 218826 2083030055 211440 194696
0b00df01 0b004601 10000 100 42954 2083280511 49206 46255
0b00fd01 0b00de01 10000 100 1678387 2081077356 2265085 1426585
0b001701 0b002f01 10000 100 33175 2083372638 42316 38036
0b004801 0b005501 10000 100 40808 2083414161 46566 44450
0b008201 0b005f01 10001 100 3975 2083459756 16872 13356
0b00ab01 0b005f01 10000 100 6917269 2070719654 12780084 5848207
0b00c301 0b00cb01 10000 100 56047 2083648683 56882 52945
0b001901 0b00ff01 10000 100 9941006 2073319498 10392700 8400252
0b002201 0b00cf01 10000 100 3885004 2078020678 5838364 3288987
0b00e101 0b006801 10000 100 257417 2083223146 670947 227285
0b007d01 0b009c01 10000 100 71898 2083739857 185445 70686
0b007a01 0b00a701 10000 100 15221 2083945225 22764 22880
0b005101 0b008801 10000 100 4697019 2076491750 7486402 3974327
0b004601 0b004401 10000 100 8407 2083980738 12478 12721
0b007b01 0b005901 10000 100 26428176 2054893711 29119665 22315416
0b004501 0b006001 10000 100 9295 2084035440 24881 17876
0b008f01 0b00fc01 10000 100 1925111 2082109330 1980295 1634832
0b001c01 0b003e01 10000 100 53713 2084126733 59080 55346
0b00fe01 0b00de01 10000 100 70913 2084129674 123465 69854
0b00f701 0b00aa01 10000 100 6069 2084266630 15133 15163
0b00df01 0b005801 10000 100 79367 2084375876 82699 77013
0b00e501 0b006801 10000 100 662304 2082917775 1648037 569015
0b005101 0b000001 10000 100 517472 2084064289 535007 446769
0b007f01 0b00b501 10001 100 1714046 2082611298 1994501 1456696
0b006801 0b00f601 10000 100 7964 2084623387 23536 16723
0b006701 0b00e101 10000 100 861 2084646075 10140 10732
0b001701 0b008001 10000 100 190232 2084435254 226068 170589
0b007401 0b009001 10000 100 20049 2084692090 27646 26963
0b003801 0b00c401 10000 100 1752214 2082894189 1892245 1488903
0b008d01 0b00c301 10000 100 71161 2084756821 75122 70096
0b001801 0b000901 10000 100 1630432 2081805661 3061824 1386109
0b000901 0b004001 10000 100 6202169 2078522442 6431107 5244667
0b00eb01 0b00bf01 10000 100 980039 2083284322 1736523 837195
0b003e01 0b008601 10000 100 27741 2084978555 59900 33424
0b004001 0b00f001 10000 100 22527 2085061317 29889 29033
0b00ea01 0b003301 10000 100 105481 2084888654 221559 99048
0b001201 0b00b101 10000 100 18819418 2057020930 28091217 15893614
0b001901 0b003901 10000 100 46892 2085143927 52468 49581
0b00bc01 0b003701 10000 100 427493 2084930142 404125 370826
0b005501 0b001c01 10000 100 7491 2085334818 16406 16344
0b005f01 0b004201 10000 100 6332 2085381762 15442 15373
0b009f01 0b003401 10000 100 2004 2085396124 12263 11735
0b00ba01 0b00b301 10000 100 26591 2085406314 31766 28060
0b004301 0b007801 10000 100 45832 2085418590 51635 48689
0b006b01 0b005801 10000 100 390714 2085220806 414882 339775
0b003001 0b00b101 10000 100 56394 2085583025 61499 57623
0b007601 0b00fe01 10000 100 574064 2084642963 1037220 494551
0b00da01 0b004f01 10000 100 9403426 2074946134 10763254 7946516
0b004501 0b004c01 10000 100 4489856 2081071011 4762035 3795044
0b00eb01 0b001201 10000 100 50212 2085752954 89787 52413
0b00cf01 0b00c201 10000 100 23133 2085960324 53577 25162
0b00e401 0b00da01 10000 100 41657 2086098725 50025 45173
0b00eb01 0b00c201 10000 100 22217066 2059270751 26894763 18761244
0b006801 0b008301 10000 100 4552673 2081443204 4734459 3852470
0b002701 0b00ba01 10000 100 9400607 2076403093 9790518 7944129
0b00f701 0b00ab01 10000 100 844039 2085307887 902534 722411
0b001a01 0b009501 10000 100 30360 2086651353 37156 35652
0b002801 0b003301 10000 100 42209 2086727372 48600 45659
0b007301 0b001301 10000 100 9374 2086858240 19578 17939
0b00b901 0b007301 10000 100 1372186 2085445977 1440678 1168160
0b006f01 0b005601 10000 100 1299331 2084683657 2289158 1106664
0b003101 0b000901 10000 100 3973434 2081204706 6131978 3363603
0b002601 0b000101 10000 100 4652914 2082602849 4854161 3937063
0b00b701 0b001401 10000 100 758617 2086676622 792814 650289
0b000501 0b00bf01 10000 100 574404 2086887017 622493 494823
0b004d01 0b006f01 10001 100 7895702 2079356322 8303276 6673985
0b008401 0b008201 10000 100 1217919 2086752324 1129968 1033527
0b006f01 0b007e01 10001 100 788 2087951272 10133 10674
0b006401 0b00e801 10000 100 4243878 2080909886 7372188 3591838
0b00f001 0b001f01 10000 100 4422 2088405376 13174 13757
0b00db01 0b00f101 10000 100 47573 2088600915 195275 50170
0b004f01 0b003901 10000 100 21091 2088797660 39821 27840
0b000701 0b004b01 10000 100 9553929 2070389787 18450708 8073519
0b006101 0b00d001 10000 100 3475 2088925845 13842 12956
0b007d01 0b001e01 10000 100 63627 2088982775 74862 63717
0b00d501 0b005701 10000 100 727714 2088382826 753218 624203
0b00c201 0b008f01 10000 100 23839 2089166588 50467 30127
0b00c201 0b00e401 10000 100 7853886 2081019861 8327631 6638684
0b000e01 0b005601 10000 100 15161676 2067135894 22222503 12806468
0b003501 0b001e01 10000 100 24545 2089378063 33860 30736
0b007a01 0b005001 10000 100 50338 2089320161 102745 52514
0b005401 0b00b601 10000 100 24362 2089597984 38492 30589
0b008901 0b006101 10000 100 7530455 2076264920 13398806 6365728
0b005401 0b00a301 10000 100 15284333 2068788860 20956711 12910006
0b00f201 0b00c301 10000 100 835628 2088889093 890736 715286
0b001c01 0b002b01 10000 100 4642204 2084950249 4833340 3928055
0b008901 0b00a201 10000 100 26310783 2056632244 33181619 22216310
0b006201 0b002d01 10000 100 220 2089972754 8858 10220
0b000f01 0b001a01 10000 100 38077 2089985084 47752 42177
0b00f101 0b007401 10000 100 50703 2089984792 64254 52806
0b004301 0b004901 10000 100 1414677 2088845257 1312251 1199601
0b006101 0b00bf01 10000 100 96602 2090077201 98681 91549
0b00fc01 0b001c01 10000 100 78311 2090056215 119758 76124
0b002201 0b00c301 10000 100 76302 2090254035 79336 74429
0b007801 0b00ac01 10000 100 133872 2090321181 132867 122993
0b000e01 0b00d701 10000 100 9790119 2074639850 16119455 8272899
0b00f701 0b000401 10000 100 25284 2090828050 32358 31371
0b007901 0b004c01 10000 100 12541807 2069207929 21712009 10595293
0b00a701 0b009701 10000 100 4094 2090938675 13411 13495
0b006901 0b008901 10000 100 26315 2091016892 33302 32240
0b003701 0b002101 10000 100 9066 2091034791 17751 17692
0b00fd01 0b009501 10000 100 36232 2091015957 42903 40613
0b00ad01 0b003b01 10000 100 3588044 2087377240 3743408 3038351
0b004601 0b00b201 10000 100 20306 2091333536 27443 27168
0b00f601 0b00db01 10000 100 209286 2091206114 202424 186668
0b001901 0b008401 10000 100 11099 2091419475 19344 19407
0b001a01 0b00d701 10000 100 20869 2091572065 27907 27619
0b002601 0b00cb01 10000 100 26880 2091597038 33767 32692
0b00ae01 0b003401 10000 100 21944516 2064130834 27516106 18531192
0b000e01 0b006701 10000 100 684741 2088954698 2730434 587932
0b00ab01 0b005001 10000 100 3902780 2087702258 4083987 3303956
0b001a01 0b005701 10000 100 8370 2091982413 16930 17092
0b009f01 0b00e701 10001 100 2379887 2089589049 2476622 2018629
0b002e01 0b00f201 10000 100 17012271 2074282123 17852873 14368388
0b007c01 0b00ed01 10000 100 771821 2091473756 806861 661424
0b006801 0b008201 10000 100 3232758 2088957246 3429480 2738458
0b002401 0b003601 10000 100 2198670 2087869317 5118184 1865692
0b001601 0b000b01 10000 100 77326 2092929189 80706 75292
0b005a01 0b000901 10000 100 3661334 2089258109 3761200 3100195
0b00fc01 0b008901 10000 100 136774 2093050525 136592 125447
0b004301 0b009c01 10000 100 185842 2093002212 431626 166857
0b006701 0b009401 10000 100 8747 2093506765 18217 17393
0b009801 0b00fc01 10000 100 401369 2093176962 460087 348783
0b00e201 0b00f101 10000 100 27424 2093607356 60165 33171
0b009d01 0b00f101 10000 100 29938207 2051843857 41876731 25277881
0b006101 0b005c01 10000 100 1713 2093876693 10775 11458
0b007601 0b003901 10000 100 4351224 2086292407 7677629 3682467
0b007f01 0b00b101 10000 100 141191 2094226230 145943 129200
0b00cf01 0b007401 10000 100 93757 2094245266 141233 89141
0b00bf01 0b009e01 10000 100 2190 2094387795 11234 11884
0b005201 0b002e01 10000 100 7734092 2084451156 9960059 6537613
0b001a01 0b009001 10000 100 1167 2094581419 10740 11021
0b003401 0b00cd01 10000 100 5250 2094748370 14221 14464
0b003701 0b005e01 10000 100 6813 2094962129 15549 15758
0b001401 0b006f01 10000 100 1732083 2093313220 1887267 1471918
0b00bb01 0b003001 10000 100 21794 2095132771 82808 28403
0b006b01 0b004501 10000 100 9372 2095342309 17987 17937
0b00fc01 0b009b01 10000 100 1041700 2094313630 1048708 889208
0b008e01 0b001c01 10000 100 33083 2095332062 39854 37962
0b000901 0b007501 10000 100 1613393 2093944742 1667435 1371730
0b007401 0b000801 10000 100 25689 2095680334 35586 31695
0b001a01 0b006001 10000 100 228156 2095548565 304858 202600
0b005001 0b005101 10000 100 21118 2096121274 41812 23462
0b00d001 0b008601 10000 100 20045214 2074698987 21524199 16928195
0b002f01 0b006501 10000 100 27388125 2067946979 28408134 23125616
0b00c301 0b001101 10000 100 955047 2095514113 971815 816101
0b00d501 0b005301 10000 100 50712 2096492351 56184 52813
0b008d01 0b007f01 10000 100 2332820 2094206484 2392577 1978908
0b005301 0b002201 10000 100 21506 2096573562 56714 28172
0b000b01 0b001501 10000 100 1909313 2094877133 1974919 1621490
0b00ed01 0b007b01 10000 100 54739 2097097832 59879 56211
0b001001 0b00a701 10000 100 2716083 2094306270 2865626 2302414
0b007c01 0b00e601 10000 100 38077 2097139679 44541 42177
0b00ae01 0b004b01 10000 100 8082882 2080349439 17063342 6831957
0b00b601 0b00ef01 10000 100 8780151 2088258925 9239601 7420484
0b005001 0b009001 10000 100 1719417 2095721946 1783978 1461213
0b006a01 0b00ff01 10000 100 39224 2097576870 45604 43139
0b006201 0b005f01 10000 100 31242 2097845345 66517 36401
0b007d01 0b00f401 10000 100 606217 2097336010 602495 521681
0b003e01 0b008b01 10000 100 9009098 2088910958 9269514 7613718
0b00ea01 0b005f01 10000 100 19891029 2066395454 31836364 16798071
0b00d101 0b006701 10000 100 9374501 2087796503 10435780 7922100
0b007901 0b004b01 10000 100 9948352 2071333921 26938301 8406437
0b007101 0b00a801 10000 100 26926 2098396461 33804 32728
0b006701 0b00ae01 10000 100 30382 2098460890 36943 35669
0b004801 0b00af01 10000 100 49730 2098618668 55151 51984
0b006c01 0b000801 10000 100 1392139 2097324798 1409472 1185003
0b008e01 0b007401 10000 100 398 2098952632 9980 10362
0b00c301 0b005101 10000 100 1488152 2097555766 1550831 1266037
0b00a601 0b003601 10000 100 9900201 2086933181 12274985 8365804
0b005201 0b000201 10000 100 6935921 2090823577 8640781 5863920
0b00c401 0b000501 10000 100 2940355 2096525934 3052065 2491688
0b000f01 0b007401 10000 100 13990229 2085651658 14582549 11817787
0b00bb01 0b00b601 10000 100 8331926 2092617806 8146826 7037748
0b00b501 0b003801 10000 100 27224142 2074289885 28368207 22987213
0b001201 0b006801 10000 100 29193722 2062034473 41790907 24649513
0b007601 0b001701 10000 100 28755231 2071593512 33721725 24279448
0b006401 0b009c01 10000 100 29867082 2075277523 34474328 25217857
0b001e01 0b00d901 10000 100 24298030 2085026066 25321765 20517580
