0b002601 0b000601 10000 100 189012 2000042588 183682 168505
0b002901 0b002601 10000 100 198968 2000060320 184286 176816
0b007f01 0b003701 10000 100 6116 2000444164 14517 15161
0b001e01 0b003d01 10000 100 25471 2000795978 30723 31375
0b007d01 0b004301 10000 100 760629 2000356830 646793 647725
0b002101 0b000f01 10000 100 44005 2000964058 46291 46932
0b005501 0b005401 10000 100 77220 2001618720 69672 70371
0b007e01 0b007301 10000 100 48148 2002072860 49752 50400
0b003201 0b000d01 10000 100 69813 2002132809 67882 68538
0b006f01 0b001001 10000 100 1220721 2001395958 1032347 1033463
0b002601 0b000e01 10000 100 1094040 2001930708 1164438 927280
0b007601 0b000d01 10000 100 174652 2003048601 155743 156441
0b004a01 0b001301 10000 100 4179 2003557180 12905 13535
0b006d01 0b007a01 10000 100 1171928 2003588982 991450 992547
0b006c01 0b002501 10000 100 5326515 2000130473 4473010 4475768
0b007601 0b004001 10000 100 118625 2004675526 108794 109469
0b002e01 0b006b01 10000 100 1210467 2004204753 1023763 1024876
0b007001 0b001701 10000 100 32449 2005417067 36585 37226
0b006801 0b002f01 10000 100 75364 2005387142 81033 73209
0b006801 0b004f01 10000 100 48928 2005440909 59788 51024
0b005c01 0b005101 10000 100 20687 2006220512 43077 27356
0b000701 0b006301 10000 100 1930715 2004692132 1627322 1628722
0b007d01 0b003601 10000 100 23889 2006613044 29395 30032
0b006601 0b007401 10000 100 788723 2007044206 670318 671276
0b003401 0b002301 10000 100 62724 2007697634 61945 62598
0b006601 0b000901 10000 100 2007 2007763171 11095 11720
0b000e01 0b001f01 10000 100 2950576 2003077076 4954667 2483779
0b000301 0b001e01 10000 100 820211 2006751885 1383588 697695
0b000e01 0b002d01 10000 100 4423220 2002008562 6236082 3718457
0b007001 0b006401 10000 100 4378 2008832774 13064 13694
0b005c01 0b004f01 10000 100 4850529 2005958356 4091480 4076701
0b000301 0b000a01 10000 100 8320317 2005729214 7669190 6985780
