0b006101 0b003e01 10000 100 23014 2000017115 29043 29467
0b00ac01 0b006c01 10000 100 66204 2000035738 65743 65911
0b002501 0b003a01 10000 100 1202 2000272328 10219 11049
0b003201 0b000101 10000 100 3135 2000292514 12138 12684
0b00cd01 0b00b001 10000 100 236434 2000152287 210427 209575
0b00d001 0b001401 10000 100 36316 2000423908 40333 40680
0b00dc01 0b000101 10000 100 48099 2000443783 50412 50635
0b00fa01 0b009e01 10000 100 7805 2000600401 16074 16596
0b000101 0b00ab01 10000 100 6557 2000624581 15025 15553
0b00cf01 0b007901 10000 100 8334 2000630922 16547 17063
0b00ff01 0b005901 10000 100 33390 2000950265 37842 38208
0b00fe01 0b003801 10000 100 62487 2001012282 62569 62761
0b003c01 0b00a301 10000 100 66926 2001009988 66350 66488
0b009b01 0b00c801 10000 100 38986 2001205763 42569 42904
0b006501 0b003001 10000 100 42167 2001229557 47818 45625
0b002001 0b00d101 10000 100 54110 2001291133 55468 55708
0b006f01 0b004c01 10000 100 78624 2001267195 86293 76375
0b005f01 0b003601 10000 100 15041 2001384165 22263 22736
0b005101 0b00e501 10000 100 44652 2001397057 47129 47701
0b007601 0b00fc01 10000 100 47669 2001409375 49965 50247
0b003501 0b00e301 10000 100 788038 2000788790 679317 675146
0b009f01 0b006201 10000 100 905477 2000834098 779111 774245
0b00c801 0b006e01 10000 100 2861 2001757877 11597 12420
0b005e01 0b001001 10000 100 65884 2001792996 65541 65611
0b00b101 0b005301 10000 100 13745 2001867789 21996 21612
0b009701 0b000501 10000 100 166689 2001928453 151131 150699
0b008a01 0b007001 10000 100 7450 2002136908 17278 16312
0b002b01 0b00db01 10000 100 1087738 2001317204 934002 928062
0b00c101 0b00a201 10000 100 70650 2002197119 69500 69644
0b00ef01 0b001201 10000 100 40529 2002352549 43903 44227
0b002b01 0b00e501 10000 100 6609 2002437465 15067 15595
0b005c01 0b004101 10000 100 1689067 2001178338 1445393 1435613
0b003901 0b008e01 10000 100 1416112 2001323794 1342369 1205237
0b00b101 0b00c301 10000 100 125593 2002632272 116204 116018
0b007001 0b007e01 10000 100 2616 2002808422 7219 7824
0b004201 0b004601 10000 100 47609 2002817460 45463 45799
0b005401 0b007101 10000 100 721904 2002303418 623053 619291
0b00fe01 0b002f01 10000 100 13577 2003088169 31842 21477
0b007101 0b007201 10000 100 48765 2003174046 46438 46768
0b007901 0b000301 10000 100 11546 2003235089 19267 19764
0b002b01 0b005701 10000 100 24820 2003327650 30536 30956
0b00c601 0b00a901 10000 100 1458224 2002234746 1248959 1240775
0b006001 0b007a01 10000 100 60179 2003512216 60623 60827
0b003901 0b00de01 10000 100 1275805 2002398068 1223352 1086788
0b00bf01 0b00d901 10000 100 49142 2003756103 51257 51513
0b004901 0b001c01 10000 100 2361 2003815175 11719 12020
0b001101 0b001f01 10000 100 744973 2003193696 638204 634358
0b00d601 0b006f01 10000 100 3063305 2001152241 2753946 2595460
0b00bd01 0b00c601 10000 100 57125 2003868887 58091 58252
0b007501 0b004a01 10000 100 165484 2003838388 150117 149691
0b00bb01 0b002101 10000 100 76418 2003993805 74142 74522
0b007901 0b001e01 10000 100 6352 2004086660 14874 15389
0b001b01 0b002c01 10000 100 20456 2004099464 26845 27288
0b00f401 0b00ac01 10000 100 142049 2004051775 130201 129931
0b001301 0b002c01 10000 100 145019 2004125091 132745 132439
0b007601 0b002601 10000 100 52019 2004452274 53703 53947
0b005301 0b003701 10000 100 4766042 2000461060 4061553 4032581
0b009e01 0b00e301 10000 100 34801 2004519358 39202 39380
0b00ee01 0b00a701 10000 100 147073 2004449397 134470 134170
0b00b901 0b00a801 10000 100 3610776 2001635663 3078601 3057504
0b003001 0b003201 10000 100 4826274 2000684923 4110054 4079007
0b006c01 0b004901 10000 100 140899 2004338506 473088 128923
0b00a001 0b002601 10000 100 195854 2004643580 175913 175307
0b009301 0b00da01 10000 100 28638 2004800341 33790 34186
0b00ff01 0b00ef01 10000 100 3184 2004831917 12403 12723
0b00ec01 0b00b701 10000 100 2323 2004858700 11438 11990
0b001701 0b007701 10000 100 14736 2004885203 21969 22448
0b006501 0b009a01 10000 100 6141 2005042042 14693 15220
0b000401 0b003701 10000 100 23980 2005073968 29814 30240
0b006b01 0b00e901 10000 100 33100 2005069200 37610 37976
0b000101 0b006301 10000 100 5676 2005128680 13999 14804
0b007001 0b00d301 10000 100 4011 2005139976 12893 13428
0b007301 0b009301 10000 100 29356 2005125269 34533 34804
0b005701 0b009101 10000 100 31424 2005165403 36169 36547
0b008e01 0b006a01 10000 100 1359893 2004063587 1165453 1157754
0b002e01 0b007401 10000 100 26851 2005186705 54496 32668
0b000901 0b009701 10000 100 590 2005261277 9286 10516
0b007c01 0b005201 10000 100 4760 2005359947 13488 14028
0b008801 0b006601 10000 100 2575079 2003179579 2198289 2183407
0b009901 0b000901 10000 100 27183 2005412354 32576 32978
0b008b01 0b006d01 10000 100 19401 2005468018 42202 26400
0b000701 0b00f401 10000 100 367253 2005226007 343675 319994
0b003b01 0b008c01 10000 100 1437108 2004347011 1231116 1222958
0b008701 0b00f601 10000 100 73158 2005508627 71830 71782
0b00c101 0b00e701 10000 100 16356 2005675489 23365 23832
0b001f01 0b00f801 10000 100 76136 2005745237 74189 74296
0b000b01 0b001901 10000 100 31600 2005806085 36310 36688
0b007d01 0b00cc01 10000 100 1057402 2004964525 908233 902473
0b000c01 0b00ef01 10000 100 5281 2005919699 13965 14488
0b00f901 0b002501 10000 100 44494 2005862953 84886 47575
0b007001 0b003701 10000 100 573859 2005472904 497364 494343
0b00e601 0b00e301 10000 100 8567 2006051360 12279 12849
0b003f01 0b00e401 10000 100 385560 2005780629 337160 335432
0b009801 0b009301 10000 100 8213 2006243076 18235 12566
0b005801 0b004c01 10000 100 1830179 2004755247 1565292 1554707
0b005601 0b00be01 10000 100 16997 2006296569 25294 24345
0b00a301 0b00c601 10000 100 1511888 2005118638 1294691 1286038
0b004001 0b00f101 10000 100 74653 2006357792 73066 73022
0b005701 0b003601 10000 100 6178 2006421385 14722 15250
0b001f01 0b00bd01 10000 100 184847 2006278819 166651 166017
0b000201 0b003101 10000 100 58021 2006637704 58797 59012
0b00d601 0b009f01 10000 100 45475 2006660237 48110 48404
0b00ea01 0b007b01 10000 100 25119 2006709035 30825 31239
0b008601 0b00a001 10000 100 63512 2006739393 63167 63625
0b00cf01 0b004901 10000 100 9500 2006827839 25043 18040
0b006f01 0b00a601 10000 100 55030 2006781125 103036 56488
0b000301 0b009a01 10000 100 41485 2006844844 44718 45036
0b00a701 0b001a01 10000 100 1931190 2005266567 1650964 1639960
0b002901 0b004a01 10000 100 27558 2006923411 32876 33278
0b005b01 0b00d701 10000 100 1824508 2005484998 1560286 1549906
0b007001 0b00a801 10000 100 27043 2007026731 32464 32866
0b00b501 0b00da01 10000 100 31474 2007079696 36209 36587
0b004e01 0b007601 10000 100 7578 2007168080 21861 16414
0b005c01 0b006601 10000 100 55158 2007240095 56356 56590
0b00b001 0b006c01 10000 100 4457 2007367850 13475 13785
0b00f501 0b00a401 10000 100 5858531 2002474852 4989212 4954620
0b003201 0b004401 10000 100 123768 2007483398 235627 114470
0b00c401 0b007301 10000 100 440114 2007383583 383571 381495
0b00f401 0b001d01 10000 100 3977559 2004374523 3413619 3367079
0b009b01 0b001801 10000 100 59430 2007784353 59702 60184
0b00ab01 0b00fe01 10000 100 1666142 2006490493 1425675 1416261
0b007001 0b008601 10000 100 730077 2007307046 630054 626225
0b003c01 0b009501 10000 100 1524214 2006672576 1305037 1296471
0b00ee01 0b00fe01 10000 100 7887 2008070624 16139 16661
0b007a01 0b007401 10000 100 4668253 2004157272 3995859 3945638
0b000301 0b002601 10000 100 486714 2007791212 423560 420799
0b005401 0b002201 10000 100 25634 2008246293 31237 31651
0b008301 0b007701 10000 100 76078 2008271065 73940 74250
0b001001 0b00f501 10000 100 36609 2008338823 40567 40915
0b000b01 0b003201 10000 100 2376219 2006526989 2037067 2015563
0b009c01 0b00f501 10000 100 38243 2008627208 41702 42310
0b009801 0b00c301 10000 100 2706591 2006234645 2447037 2294380
0b003501 0b001501 10000 100 42291 2008697032 45413 45724
0b005e01 0b008901 10000 100 8936 2008758562 18802 17544
0b005a01 0b006a01 10000 100 404853 2008786220 353544 351702
0b00ac01 0b002d01 10000 100 87370 2009116837 83726 83768
0b00b001 0b00e101 10000 100 1048414 2008347157 900885 894887
0b00ce01 0b00c201 10000 100 1452346 2008010941 1239503 1231408
0b00f101 0b00ea01 10000 100 9571 2009287936 17315 18096
0b00a101 0b000101 10000 100 1746132 2007875429 1493685 1483773
0b004801 0b006d01 10000 100 36385 2009402487 40388 40736
0b009b01 0b004201 10000 100 52641 2009428869 54193 54444
0b00a801 0b00a601 10000 100 73713 2009431804 67646 67826
0b00e701 0b006901 10000 100 2252978 2007657637 1924462 1911514
0b00b001 0b006501 10000 100 18152 2009585806 24883 25357
0b006d01 0b00a301 10000 100 30532 2009583813 35405 35789
0b00ba01 0b004401 10000 100 8524838 2001279554 8369011 7204970
0b007d01 0b002c01 10000 100 4842 2009635224 13553 14093
0b00cb01 0b009201 10000 100 2051670 2007918130 1753366 1741624
0b002e01 0b00a201 10000 100 78388 2009801513 76090 76186
0b004501 0b00f201 10000 100 2199363 2008222416 1879008 1866290
0b001601 0b00dd01 10000 100 14179 2010141748 23842 22003
0b002301 0b001201 10000 100 205191 2010052560 184044 183216
0b001301 0b002501 10000 100 6932497 2004485299 5939922 5861049
0b009d01 0b004901 10000 100 7191111 2003308881 7230590 6079336
0b00dd01 0b005701 10000 100 642 2010577372 10031 10557
0b00c101 0b003c01 10000 100 2956612 2008013978 2611380 2505397
0b005701 0b008f01 10000 100 797752 2009943935 687594 683313
0b006201 0b002601 10000 100 1586 2010719427 10527 11356
0b006901 0b000401 10000 100 806396 2010065616 695011 690624
0b009801 0b00b701 10000 100 73467 2010713970 133380 72029
0b006401 0b00cb01 10000 100 5558 2010855782 14306 14710
0b009e01 0b006501 10000 100 23712 2010932342 29599 30025
0b00ce01 0b000401 10000 100 23363 2010948414 29685 29746
0b000c01 0b005201 10000 100 2845 2011009109 11584 12408
0b003001 0b007601 10000 100 54050 2010969769 55420 55660
0b002801 0b005e01 10000 100 6576964 2005479434 5600439 5560959
0b00f301 0b00b701 10000 100 21195 2011056260 27486 27924
0b009a01 0b004901 10000 100 1052 2011114128 10495 10929
0b002101 0b004701 10000 100 141640 2010997535 129824 129560
0b008b01 0b002f01 10000 100 9488438 2003052288 8091133 8018266
0b009901 0b000a01 10000 100 69514 2011096576 68523 68691
0b006f01 0b00ff01 10000 100 7898750 2002306724 8928982 6676556
0b007b01 0b001e01 10000 100 1304531 2010138344 1118305 1111044
0b00ef01 0b00e501 10000 100 706 2011271743 5356 6208
0b002301 0b008401 10000 100 6255 2011264633 14784 15312
0b004f01 0b00df01 10000 100 1252897 2010288801 1074432 1067449
0b00fd01 0b00c001 10000 100 29407 2011325121 61162 34845
0b006e01 0b00fb01 10000 100 6030 2011380921 16108 15132
0b00aa01 0b003701 10000 100 34029 2011377476 38802 38763
0b00ff01 0b006401 10000 100 41609 2011599519 44967 45135
0b005701 0b000001 10000 100 52682 2011594810 57719 54477
0b005001 0b002301 10000 100 25778 2011666930 31080 31766
0b009d01 0b00b301 10000 100 7785 2011697670 22758 16580
0b006c01 0b00f701 10000 100 10977802 2002306766 9460779 9275273
0b000d01 0b00b301 10000 100 853868 2011059880 742042 730670
0b007201 0b002c01 10000 100 131223 2011721965 121008 120786
0b003f01 0b00e201 10000 100 46115 2011813217 48672 48960
0b00ce01 0b008501 10000 100 534494 2011398187 495714 461135
0b00c001 0b003901 10000 100 55036 2011833489 88754 56492
0b00d101 0b005101 10000 100 25657 2011897825 31284 31669
0b00ee01 0b001701 10000 100 15761 2011979746 22839 23312
0b004501 0b006701 10000 100 1218687 2011111424 1045516 1038585
0b00bb01 0b004301 10000 100 1065420 2011273162 915203 909240
0b00eb01 0b00c501 10000 100 334851 2011963048 294043 292620
0b009a01 0b00a501 10000 100 1520197 2010972574 1302578 1293081
0b00d801 0b002101 10000 100 190253 2012189004 171292 170606
0b00ef01 0b00fd01 10000 100 25355 2012407442 40960 31428
0b008a01 0b006701 10000 100 25552 2012401913 97444 31585
0b00ff01 0b00df01 10000 100 17885 2012525893 24739 25100
0b000e01 0b009601 10000 100 27906 2012672557 56091 33556
0b00ee01 0b00ef01 10000 100 8878 2012777523 12528 13098
0b004701 0b00e201 10000 100 11560 2012899603 19278 19776
0b007101 0b008801 10000 100 6571 2012996586 15171 15564
0b00d001 0b00bf01 10000 100 19512 2013068398 26096 26489
0b001d01 0b003801 10000 100 1161234 2012214986 996834 990115
0b009001 0b00c001 10000 100 4154872 2009759922 3569724 3516717
0b006801 0b00ec01 10000 100 108809 2013314092 101927 101843
0b00ec01 0b00b501 10000 100 48866 2013426342 50973 51248
0b00ae01 0b008401 10000 100 56382 2013438553 57113 57613
0b006701 0b00f501 10000 100 26679 2013634228 32403 32531
0b003701 0b003d01 10000 100 39987 2013643153 40351 39349
0b007a01 0b00eb01 10000 100 8306 2013687151 16253 17040
0b000e01 0b004601 10000 100 1740187 2011514356 2222838 1478753
0b001c01 0b000f01 10000 100 128589 2013645132 118933 118547
0b006701 0b00e501 10000 100 23965 2013784676 29863 30228
0b003301 0b001b01 10000 100 1105683 2012869868 949281 943210
0b00c401 0b003f01 10000 100 3049 2013814894 14253 12615
0b00c401 0b00b001 10000 100 2894212 2011370778 2472188 2452749
0b00d401 0b009501 10000 100 1561564 2012530921 1336781 1327979
0b00a201 0b007b01 10000 100 1615571 2012514080 1382896 1373560
0b00b801 0b009201 10000 100 69108 2013855320 68387 68366
0b001d01 0b005401 10000 100 70455 2013865640 128996 69488
0b001f01 0b003701 10000 100 464959 2012867691 1183057 402427
0b00b701 0b00ad01 10000 100 30846 2014038784 35657 36040
0b000001 0b002f01 10000 100 15377 2014070987 35331 23005
0b009801 0b007701 10000 100 6510728 2008412303 5736036 5505066
0b009101 0b008c01 10000 100 62601 2014040127 115528 62852
0b001d01 0b005e01 10000 100 28425 2014169406 33348 34016
0b00fd01 0b00be01 10000 100 75210 2014248868 78457 73512
0b000001 0b00cd01 10000 100 11542390 2004521247 9836914 9751804
0b006f01 0b007e01 10000 100 6066276 2007174698 7192179 5129968
0b00ef01 0b00cf01 10000 100 18302 2014364704 39847 25477
0b007901 0b00f201 10000 100 58617 2014351522 108881 59489
0b00bd01 0b001601 10000 100 66758 2014365650 123602 66354
0b00ef01 0b006901 10000 100 1132121 2013531042 987368 965548
0b00c101 0b007401 10000 100 28071 2014523845 38025 33732
0b009d01 0b004c01 10000 100 1622235 2013272552 1388368 1379200
0b006a01 0b00fa01 10000 100 1505106 2013390658 1289025 1280348
0b00f101 0b008d01 10000 100 1765857 2013193300 1510604 1500389
0b004401 0b005e01 10000 100 49690 2014665883 51781 51952
0b00e001 0b004801 10000 100 8243 2014708323 17420 16990
0b00c101 0b005901 10000 100 24056 2014787375 35320 30344
0b00bc01 0b00e901 10000 100 2503906 2011219225 3614710 2123300
0b003601 0b00a801 10000 100 4014212 2011388763 3450712 3398029
0b00cc01 0b002601 10000 100 66496 2014808509 65977 66144
0b00cb01 0b006601 10000 100 1444336 2013692112 1237149 1229048
0b00fe01 0b00ea01 10000 100 523086 2014526544 454099 451524
0b00a001 0b008e01 10000 100 27542 2014953884 32591 33265
0b00d301 0b00e501 10000 100 21870 2014950704 49442 28464
0b00c701 0b003701 10000 100 2133075 2012019099 2994193 1810356
0b00f001 0b006e01 10000 100 9517994 2006922864 8100166 8043187
0b002201 0b00ef01 10000 100 5681 2015043561 14741 14808
0b006401 0b00b301 10000 100 2243 2015109283 11374 11926
0b005f01 0b00b801 10000 100 75704 2015115014 73521 73907
0b005801 0b004b01 10000 100 5358 2015421976 14016 14550
0b00f801 0b006001 10000 100 623 2015442799 9899 10542
0b007a01 0b00a601 10000 100 73708 2015448941 72096 72222
0b007601 0b004601 10000 100 1930280 2012691073 2851875 1639188
0b008501 0b00c101 10000 100 6494818 2009854173 5691093 5491634
0b005801 0b007d01 10000 100 26044 2015525209 53424 32023
0b000601 0b00c901 10000 100 72153 2015550531 70802 70934
0b009d01 0b008e01 10000 100 751525 2015013537 648458 644308
0b00da01 0b00f401 10000 100 8084487 2008840934 6881481 6833329
0b001f01 0b004201 10000 100 64840 2015695436 64610 64732
0b00c401 0b004a01 10000 100 43260 2015696372 82540 46544
0b006301 0b005101 10000 100 31182 2015758015 35703 36353
0b00c301 0b008901 10000 100 1908077 2014171414 1631552 1620457
0b00af01 0b005401 10000 100 1981356 2013080387 2743055 1682292
0b00b101 0b001a01 10000 100 812555 2015139346 708873 695816
0b008501 0b005301 10000 100 21019 2015842999 27345 27783
0b006801 0b006c01 10000 100 52703 2015935473 49788 50094
0b00b101 0b009501 10000 100 101051 2015892829 113116 95328
0b00d501 0b004a01 10000 100 6516097 2010454902 5585105 5509625
0b003b01 0b00f201 10000 100 1070523 2014156309 1915303 913542
0b001001 0b00b101 10000 100 365880 2015777461 331126 318808
0b007001 0b00aa01 10000 100 6857 2016198512 15265 15793
0b009501 0b004a01 10000 100 73675 2016159093 72230 72196
0b006101 0b007401 10000 100 78624 2016191613 76279 76375
0b00d301 0b007701 10000 100 1250591 2014771279 1535441 1065516
0b00e001 0b009c01 10000 100 65282 2016333221 64955 65129
0b003001 0b00ce01 10000 100 16093 2016416266 23154 23622
0b008f01 0b004101 10000 100 788141 2015782289 679909 675228
0b009a01 0b00f501 10000 100 18636 2016439727 25289 25744
0b003101 0b00be01 10000 100 21386 2016632265 29109 28076
0b005b01 0b006601 10000 100 1553142 2015422604 1329851 1320889
0b001901 0b00d101 10000 100 49099 2016666009 92557 51479
0b005a01 0b00e601 10000 100 1666924 2015491481 1426504 1416887
0b008f01 0b007c01 10000 100 15662 2016896764 22918 23233
0b003d01 0b003601 10000 100 1866181 2015330386 1591271 1580692
0b005e01 0b007201 10000 100 1363234 2015859604 1168517 1160603
0b00d501 0b00bf01 10000 100 38245 2017047349 44625 42312
0b002601 0b003201 10000 100 9056 2017116351 17175 17684
0b00f701 0b00ea01 10000 100 592842 2016645651 513418 510365
0b00e301 0b006901 10000 100 56869 2017121614 57775 58003
0b005f01 0b00b901 10000 100 1135439 2016252217 974783 968335
0b00bc01 0b000801 10000 100 3860573 2009048944 8254088 3268342
0b001001 0b006f01 10000 100 1919 2017387852 11065 11623
0b00bf01 0b001c01 10000 100 1007220 2016725892 868329 860128
0b00d301 0b005001 10000 100 319838 2016985789 618272 279950
0b001401 0b009001 10000 100 44350 2017744513 47160 47460
0b009101 0b009301 10000 100 8657643 2010405323 7417221 7312666
0b00b001 0b004201 10000 100 1806527 2016323133 1544997 1534729
0b004601 0b00f601 10000 100 100162 2017815584 94712 94573
0b00ec01 0b00a501 10000 100 1958614 2016316878 1674271 1663087
0b00de01 0b00d101 10000 100 2782183 2015619152 2411651 2353798
0b00fd01 0b00b601 10000 100 76736 2017996494 77000 74776
0b00d201 0b000c01 10000 100 1552749 2016764728 1329491 1320531
0b00e701 0b009f01 10000 100 29567 2018142826 34583 34973
0b008f01 0b00af01 10000 100 6037 2018255498 16982 15137
0b000801 0b00fd01 10000 100 5210681 2009278248 9064806 4407828
0b000b01 0b009101 10000 100 25319 2018617013 31175 31399
0b002d01 0b00b701 10000 100 2210989 2016768018 1888785 1876075
0b002901 0b003b01 10000 100 71507 2018607912 70235 70373
0b001001 0b00a901 10000 100 133495 2018713689 122926 122692
0b004b01 0b001b01 10000 100 841472 2016845035 2080796 720225
0b00aa01 0b005b01 10000 100 1863 2018922970 11020 11578
0b00c501 0b00dd01 10000 100 1181063 2017963967 1048263 1006858
0b004001 0b00dd01 10000 100 76666 2018932792 109771 74720
0b007901 0b007d01 10000 100 6318 2019121479 32363 10962
0b003401 0b003801 10000 100 30391 2019167271 30839 31276
0b006b01 0b007d01 10000 100 1224073 2016447834 2759996 1043158
0b005901 0b002e01 10000 100 1424043 2018058502 1220170 1211934
0b00ca01 0b00f601 10000 100 8836 2019174271 125291 17464
0b00b501 0b009d01 10000 100 1125216 2018484030 965897 959716
0b006a01 0b00bb01 10000 100 1062747 2018549002 912773 906969
0b00ed01 0b004001 10000 100 4832 2019454615 13634 14085
0b00f001 0b008401 10000 100 5099381 2015172853 4343949 4313904
0b008501 0b001901 10000 100 3258942 2016763258 2779716 2760549
0b000f01 0b00c601 10000 100 2530930 2015825760 3765360 2146108
0b008401 0b005e01 10000 100 77321 2019592568 75286 75288
0b006401 0b00b101 10000 100 3981739 2016200517 3520164 3370599
0b009201 0b00bc01 10000 100 58109 2019603581 138187 59083
0b005001 0b005a01 10000 100 32677 2019727496 32767 33193
0b007c01 0b002901 10000 100 182758 2019624159 164786 164258
0b00d801 0b00f701 10000 100 7656 2019907664 15955 16476
0b001a01 0b008101 10000 100 20956 2019910005 26973 27688
0b00da01 0b008d01 10000 100 2001941 2018338830 1711441 1699640
0b00cf01 0b006201 10000 100 119695 2019973246 111396 111036
0b000801 0b006401 10000 100 2317899 2016256449 3892447 1966311
0b001e01 0b00fc01 10000 100 7711753 2013663596 6564629 6518730
0b00b701 0b007301 10000 100 28977 2020240849 37923 34457
0b00c901 0b007e01 10000 100 2728518 2017962922 2329336 2312890
0b003a01 0b00dc01 10000 100 3876964 2016570541 3733131 3282159
0b00d201 0b00dc01 10000 100 9918 2020409509 21816 13974
0b004e01 0b001601 10000 100 19780516 2002585348 17908783 16704776
0b009e01 0b001501 10000 100 68236 2020447073 76259 67624
0b007c01 0b007201 10000 100 78113 2020548622 71416 71566
0b004801 0b009a01 10000 100 17696 2020585522 39229 24948
0b007901 0b004d01 10000 100 25883 2020718167 31436 31850
0b00a001 0b003901 10000 100 39526 2020786821 43083 43380
0b00c601 0b00da01 10000 100 182305 2020648593 188080 163896
0b008801 0b00bb01 10000 100 44181 2020812289 47025 47324
0b00a801 0b005701 10000 100 7605934 2014380474 6506314 6429411
0b00e201 0b00ac01 10000 100 58076 2020906928 58841 59056
0b004801 0b007d01 10000 100 8899112 2011561651 9435904 7520889
0b005c01 0b00c601 10000 100 2620197 2016988496 4027640 2221481
0b005c01 0b009d01 10000 100 21371 2020994185 28898 28064
0b00d901 0b009e01 10000 100 48298 2021010104 95654 50794
0b00be01 0b00f001 10000 100 19980 2021125957 42272 26864
0b00de01 0b00ca01 10000 100 1542520 2018634121 2591812 1311908
0b000101 0b002201 10000 100 5860554 2016094702 5212516 4956327
0b00d301 0b004c01 10000 100 4876303 2015578972 5754228 4125630
0b008f01 0b001101 10000 100 20348 2021442433 26486 27202
0b00a701 0b00b601 10000 100 56689 2021451427 57635 57859
0b001e01 0b00a601 10000 100 1396066 2020307201 1225617 1188320
0b008701 0b00f201 10000 100 241618 2021317996 215020 213942
0b006d01 0b000801 10000 100 6850457 2009947166 11886392 5791809
0b003e01 0b00fb01 10000 100 42666 2021793197 81977 46024
0b00e301 0b00da01 10000 100 9773 2021885253 17748 18258
0b00dc01 0b005401 10000 100 38408 2021867412 42106 42442
0b008d01 0b00d101 10000 100 2788 2021976414 11810 12362
0b009501 0b00e301 10000 100 49866 2021966352 51926 52092
0b00c801 0b00cd01 10000 100 8293584 2015060796 7054543 7005403
0b002c01 0b00b101 10000 100 8211 2022100421 16449 16964
0b00f601 0b00be01 10000 100 42612 2022108194 48878 45981
0b009a01 0b004f01 10000 100 65320 2022247505 69612 65160
0b008201 0b001c01 10000 100 494920 2021923274 459470 427716
0b003001 0b009301 10000 100 63043 2022353277 63064 63250
0b00ff01 0b000c01 10000 100 2197080 2020781973 1877038 1864376
0b006e01 0b007301 10000 100 142789 2022632961 130811 130523
0b00f801 0b00c701 10000 100 32011 2023161089 36421 37060
0b006401 0b005901 10000 100 33470 2023209959 38110 38272
0b00a601 0b00b701 10000 100 293479 2022881013 507338 257719
0b001f01 0b00f201 10000 100 2590 2023393560 12068 12204
0b000e01 0b001d01 10000 100 36587 2023463222 43621 40897
0b001c01 0b00fa01 10000 100 5519097 2018797866 4732099 4668157
0b00f201 0b00a301 10000 100 22845 2023506096 32455 29288
0b007401 0b00fd01 10000 100 1246098 2022371800 1182860 1061746
0b001701 0b00e001 10000 100 3464 2023548716 12401 12947
0b000701 0b001501 10000 100 20566 2023545577 43618 27376
0b000801 0b000201 10000 100 4534 2023617302 8916 9447
0b001b01 0b00dd01 10000 100 21581 2023631178 29284 28232
0b00dc01 0b009501 10000 100 3415 2023649381 14674 12908
0b005601 0b000801 10000 100 2664231 2016667876 7021362 2258644
0b00aa01 0b00cb01 10000 100 66371 2023780735 65877 66044
0b00f801 0b002a01 10000 100 5516 2023948901 18945 14676
0b001a01 0b007c01 10000 100 15173 2024056331 22683 22842
0b00db01 0b00d301 10000 100 15151470 2010376405 13706407 12793464
0b000401 0b00ba01 10000 100 41704 2024046301 47768 45211
0b006301 0b00bb01 10000 100 91932 2023957393 164868 87593
0b00eb01 0b001f01 10000 100 3737317 2020953827 3186443 3164325
0b008301 0b000a01 10000 100 41607 2024101343 50487 45133
0b008d01 0b00f101 10000 100 75939 2024086996 73989 74095
0b00ba01 0b002701 10000 100 970798 2023384398 837312 829362
0b002c01 0b006e01 10000 100 23804 2024194545 29655 30099
0b005201 0b00ad01 10000 100 6581730 2018638902 5604126 5564992
0b00c801 0b001a01 10000 100 27164 2024334832 32561 32963
0b006701 0b00b101 10000 100 168382 2024390212 152835 152141
0b002001 0b009a01 10000 100 21687 2024507913 43937 28317
0b005301 0b00ea01 10000 100 4100474 2021136558 3494926 3470823
0b006401 0b00cf01 10000 100 39935 2024586992 44638 43708
0b006f01 0b002a01 10000 100 4287489 2021039489 3658732 3628663
0b001e01 0b005a01 10000 100 4848 2024696806 13286 14098
0b007a01 0b008c01 10000 100 106243 2024628391 99774 99702
0b00d201 0b009e01 10000 100 4399055 2019956431 4826239 3722844
0b002001 0b00ce01 10000 100 90343 2024721844 86254 86278
0b00a601 0b00ca01 10000 100 3896191 2018932282 5915497 3298420
0b001d01 0b000101 10000 100 6117887 2019560687 5353746 5173501
0b002101 0b00f601 10000 100 63781 2024953818 63655 63840
0b006301 0b005e01 10000 100 3803962 2021715969 3320944 3220545
0b005101 0b00a101 10000 100 62553 2025099831 62350 62814
0b006b01 0b003401 10000 100 141259 2025042167 129519 129255
0b00e701 0b007701 10000 100 664660 2024657603 574610 570988
0b008e01 0b006901 10000 100 56544 2025193604 57590 57743
0b001401 0b00f401 10000 100 1753920 2023771688 1500444 1490312
0b006a01 0b005701 10000 100 11286 2025387262 19059 19556
0b007d01 0b00a801 10000 100 40435 2025393679 43617 44152
0b00df01 0b00e101 10000 100 21871 2025508090 28231 28464
0b009801 0b00fe01 10000 100 21948 2025551314 29412 28526
0b008201 0b009801 10000 100 38436 2025539386 43137 42464
0b00fd01 0b009901 10000 100 77576 2025454246 140565 75492
0b00ba01 0b008701 10000 100 230905 2025450101 205707 204888
0b00e401 0b009c01 10000 100 1155465 2024682716 991911 985236
0b00a901 0b004c01 10000 100 6964 2025705107 15351 15879
0b00bc01 0b009a01 10000 100 8000017 2016910436 8862959 6762057
0b00af01 0b005601 10000 100 66296 2025732670 129057 65984
0b007f01 0b00b501 10000 100 23531 2025819174 75082 29880
0b001b01 0b00e101 10000 100 48942 2025927671 52279 51309
0b003d01 0b005d01 10000 100 4110499 2022327329 3665344 3479283
0b00dc01 0b00ee01 10000 100 3627199 2022763295 3272425 3071391
0b00b801 0b007f01 10000 100 3235253 2021937741 4176880 2740586
0b00af01 0b007601 10000 100 1606922 2024633681 1625664 1366245
0b001a01 0b00bc01 10000 100 6528 2026242981 19725 15530
0b005401 0b007001 10000 100 16010 2026282350 23093 23556
0b003c01 0b002501 10000 100 5395 2026299820 18120 14580
0b00be01 0b008a01 10000 100 28872663 2000076958 26422932 24378542
0b00f301 0b002e01 10000 100 49247 2026558704 51327 51597
0b007101 0b002901 10000 100 1393540 2025440516 1193957 1186168
0b006401 0b006e01 10000 100 50640 2026646039 48038 48356
0b007c01 0b008d01 10000 100 5687 2026763081 18445 14813
0b00d101 0b00ea01 10000 100 33775 2026846041 51606 38516
0b000901 0b008501 10000 100 9827 2026965944 32837 18301
0b00ed01 0b008301 10000 100 76695 2026908066 141926 74744
0b003d01 0b000b01 10000 100 35016 2027073242 39243 39596
0b004901 0b001a01 10000 100 5439 2027146065 14211 14615
0b008801 0b001901 10000 100 75300 2027093921 78490 73584
0b007d01 0b00ef01 10000 100 455369 2026752861 424396 394359
0b00bf01 0b001c01 10001 100 257564 2026993667 228562 227403
0b001001 0b005a01 10000 100 977717 2026338780 923867 835205
0b003d01 0b006801 10000 100 21107 2027273278 45016 27853
0b004f01 0b008301 10000 100 4710369 2023063447 4277107 3985579
0b00a001 0b00d801 10000 100 148244 2027315944 135475 135151
0b00fc01 0b004401 10000 100 79590 2027376401 87399 77192
0b00a901 0b006201 10000 100 927972 2026671020 798209 793209
0b00b001 0b005701 10000 100 829929 2026895431 714902 710463
0b00ee01 0b00f801 10000 100 4116513 2023826346 3803878 3484358
0b00dd01 0b001f01 10000 100 63928 2027589893 63772 63958
0b006c01 0b00ea01 10000 100 1078623 2025931540 1842567 920374
0b000b01 0b00c101 10000 100 4625 2027800179 13108 13920
0b002e01 0b00cb01 10000 100 41505 2027809143 44734 45052
0b006c01 0b005501 10000 100 2666953 2024777865 3193190 2260910
0b008201 0b00bd01 10000 100 8931 2027948819 24371 17540
0b004e01 0b000901 10000 100 164384 2027836757 159471 148767
0b00ad01 0b006b01 10000 100 734319 2027368413 633617 629795
0b002e01 0b006a01 10000 100 3461 2028013431 12127 12944
0b00a701 0b00d801 10000 100 118779 2027984002 110131 110259
0b009301 0b00e701 10000 100 48881 2028048379 50713 51260
0b000201 0b00a501 10000 100 20561 2028085482 26929 27372
0b002c01 0b009501 10000 100 7420 2028106798 15766 16288
0b001201 0b004401 10000 100 109018 2028022770 102144 102054
0b008201 0b00b601 10000 100 676940 2027604294 592619 581340
0b00cd01 0b004501 10000 100 629400 2027661029 544450 541240
0b00bb01 0b00fc01 10000 100 1749750 2026720786 1501798 1486800
0b007301 0b008c01 10000 100 36431 2028174486 71088 40772
0b002101 0b002701 10000 100 1769362 2026857598 1508965 1498969
0b003c01 0b003301 10000 100 185437 2028051812 319995 162133
0b003c01 0b006801 10000 100 7059637 2022297517 6172404 5968349
0b000901 0b001b01 10000 100 6910543 2016531973 11967085 5842518
0b00c401 0b00e401 10000 100 964626 2027728374 829381 824160
0b00d901 0b007e01 10000 100 1968739 2026909122 1682865 1671627
0b001c01 0b00d801 10000 100 30183 2028559367 34854 35510
0b002801 0b005601 10000 100 797066 2027866345 734109 682764
0b00a401 0b00e501 10000 100 25668 2028700511 30992 31678
0b009701 0b00a701 10000 100 2233 2028789595 11432 11918
0b007b01 0b006401 10000 100 50738 2028798183 52780 52834
0b00a701 0b00f901 10000 100 34056 2028894166 38407 38784
0b003501 0b00c501 10000 100 10075 2028937700 18679 18544
0b005d01 0b006701 10000 100 177460 2028660563 311161 159800
0b00ef01 0b000601 10000 100 306798 2028473040 530718 268946
0b000c01 0b003301 10000 100 658125 2028461570 568904 565496
0b001901 0b001501 10000 100 7514090 2022628780 6409501 6347532
0b00fd01 0b00f701 10000 100 51668 2028948451 92822 49222
0b003401 0b003c01 10000 100 48716 2029026883 46399 46728
0b003901 0b006d01 10000 100 17119 2029054295 24025 24487
0b006701 0b008c01 10000 100 1269835 2028047767 1119793 1081748
0b008401 0b00af01 10000 100 34031 2029133692 81916 38764
0b00c501 0b00c101 10000 100 55 2029466865 4314 5688
0b005501 0b003a01 10000 100 185875 2029259570 314717 166884
0b00f101 0b007a01 10000 100 333770 2029382785 293146 291712
0b007c01 0b00a301 10000 100 3470226 2023144679 6585644 2938904
0b006a01 0b00b201 10000 100 586005 2029237216 507593 504632
0b000401 0b008801 10000 100 19148 2029719413 25748 26198
0b004101 0b000901 10000 100 8011 2029729875 16686 16804
0b000301 0b00ee01 10000 100 2781691 2027505788 2381695 2357760
0b000b01 0b003401 10000 100 7385 2029887995 15754 16260
0b006101 0b008401 10000 100 812161 2029228119 699809 695500
0b00fd01 0b003501 10000 100 11818596 2019911148 10263334 9984912
0b004501 0b007601 10000 100 20639 2030206890 26991 27435
0b006a01 0b00b901 10000 100 10425 2030348052 18320 18824
0b00cf01 0b003f01 10000 100 14613 2030367529 33306 22350
0b00f301 0b002601 10000 100 963555 2029577231 828474 823260
0b00a001 0b003601 10000 100 21379 2030424961 29345 28071
0b004901 0b006b01 10000 100 5351 2030541362 13993 14544
0b001301 0b000d01 10000 100 8703246 2022919406 7677761 7355572
0b00c101 0b00e201 10000 100 35653 2030577511 39752 40106
0b006001 0b00fa01 10000 100 23171 2030648969 32753 29592
0b00d301 0b000601 10000 100 20288 2030719563 26710 27154
0b00ab01 0b005b01 10000 100 1203 2030782725 10492 11050
0b00d201 0b00c901 10000 100 20712 2030767613 27049 27493
0b005d01 0b00b701 10000 100 10049124 2019998814 10848008 8491499
0b004e01 0b009401 10000 100 69434 2030795523 68595 68627
0b009201 0b000801 10000 100 1917 2030999124 11063 11621
0b000a01 0b009201 10000 100 47263 2031112148 49640 49922
0b00e401 0b001201 10000 100 2509098 2029027029 2142418 2127718
0b009001 0b002601 10000 100 853157 2030435633 734655 730101
0b007e01 0b006b01 10000 100 4554 2031260463 13323 13863
0b00dd01 0b00cf01 10000 100 125594 2031175956 123731 116019
0b003801 0b00e801 10000 100 25733 2031278733 31316 31730
0b00fa01 0b00b201 10000 100 79748 2031268165 77228 77318
0b00b401 0b003d01 10000 100 17138 2031342181 24040 24502
0b005001 0b002601 10000 100 3780 2031465299 12658 13200
0b000e01 0b00f501 10000 100 28840 2031519938 34062 34348
0b009f01 0b002601 10000 100 21759 2031703923 27937 28375
0b006601 0b009f01 10000 100 1866 2031744198 12093 11580
0b00cf01 0b00a301 10000 100 5857735 2022169182 9605547 4953940
0b006a01 0b00e701 10000 100 43465 2031792714 46402 46708
0b009601 0b003501 10000 100 37618 2031804591 41424 41766
0b008601 0b003701 10000 100 2117 2031924961 11273 11825
0b00d401 0b00fb01 10000 100 16447373 2017594535 14344256 13891610
0b00bc01 0b00e201 10000 100 27736 2031916980 60883 33420
0b003f01 0b006201 10000 100 15915 2031957766 22690 23436
0b008801 0b000501 10000 100 598510 2031565897 518188 515164
0b007701 0b003c01 10000 100 25716 2032289823 31285 31716
0b00c301 0b009501 10000 100 1204377 2031331268 1033163 1026521
0b006101 0b008301 10000 100 399315 2032045516 348864 347052
0b00cc01 0b00f601 10000 100 745707 2031869454 643295 639389
0b00db01 0b00c601 10000 100 3592014 2029388233 3180188 3041703
0b005801 0b004401 10000 100 1230873 2031537585 1055831 1048862
0b002e01 0b008c01 10000 100 5793 2032596434 15299 14898
0b006701 0b007d01 10000 100 260575 2032168775 520680 229944
0b008a01 0b001c01 10000 100 448 2032744064 9034 10402
0b002101 0b006001 10000 100 510404 2031429238 1357756 440807
0b000d01 0b001d01 10000 100 54178 2032702650 100811 55762
0b00bd01 0b001001 10000 100 9842607 2024356775 8492140 8317177
0b006701 0b007f01 10000 100 238521 2031947072 963232 211332
0b00ee01 0b009801 10000 100 21901 2032892761 28051 28488
0b00a201 0b00d201 10000 100 8900 2032973139 17000 17516
0b005b01 0b000a01 10000 100 2506 2032985920 11650 12136
0b001d01 0b000101 10001 100 21609 2032995381 27817 28255
0b001801 0b003f01 10000 100 614408 2032000501 1053638 528586
0b006701 0b004501 10000 100 1072750 2031740323 1345557 915412
0b000901 0b006001 10000 100 11225177 2017137734 15991145 9484085
0b005601 0b007501 10000 100 8753425 2015939470 17208421 7397916
0b005201 0b003601 10000 100 73535 2033103499 76497 72084
0b008301 0b002601 10000 100 28362 2033181213 35629 33965
0b004701 0b00b901 10000 100 49924 2033191394 58193 52139
0b002a01 0b005e01 10000 100 15036 2033267169 25071 22732
0b002f01 0b001101 10000 100 6862948 2027586361 5843149 5802330
0b00b201 0b00ae01 10000 100 151685 2033343080 138378 138036
0b008701 0b00b101 10000 100 76783 2033336892 167332 74814
0b00a601 0b005d01 10000 100 4893988 2029230172 4306796 4140526
0b001101 0b00f101 10000 100 2016 2033605019 11307 11744
0b000801 0b006501 10000 100 74201 2033602115 72269 72660
0b007601 0b00b001 10000 100 55186 2033646034 56379 56612
0b00f701 0b00cc01 10000 100 52971 2033667447 54185 54708
0b000d01 0b00cb01 10000 100 1791618 2032234539 1578398 1522142
0b003601 0b007101 10000 100 4957942 2029597127 4229923 4194505
0b007d01 0b004701 10000 100 4951827 2029609659 4238095 4189349
0b005701 0b007801 10000 100 47981 2033901261 90810 50496
0b004001 0b005c01 10000 100 1649796 2032628501 1411767 1402436
0b00f001 0b00eb01 10000 100 2476598 2031949358 2114540 2100266
0b001901 0b00e101 10000 100 3144621 2031332353 2948777 2664076
0b003401 0b00fe01 10000 100 59886 2034253355 60339 60548
0b008001 0b008c01 10000 100 117425 2034209371 111867 104732
0b008c01 0b000301 10000 100 2565381 2032150663 2197847 2175208
0b004e01 0b00fc01 10000 100 62588 2034262796 124422 62842
0b00d801 0b00ae01 10000 100 41771 2034344119 44947 45264
0b00d601 0b004601 10000 100 6983 2034435559 15631 15894
0b00c201 0b00bd01 10000 100 1578216 2033126384 1350959 1342048
0b006f01 0b00b101 10000 100 194428 2034325093 257566 174122
0b006701 0b002701 10000 100 7877 2034573305 16217 16653
0b005001 0b004e01 10000 100 1561778 2033334175 1340903 1328150
0b00d201 0b001701 10000 100 50520 2034631663 55890 52660
0b004601 0b00b101 10000 100 8441 2034753139 22762 17148
0b005c01 0b00be01 10000 100 85992 2034765243 88282 82577
0b008201 0b005f01 10000 100 44622 2034849036 47105 47677
0b003601 0b001501 10000 100 170183 2034752108 154126 153670
0b00e301 0b007601 10000 100 4911 2034959807 13609 14148
0b000401 0b00d501 10000 100 187339 2034812896 168875 168143
0b005601 0b00db01 10000 100 16820430 2010449819 24598250 14206468
0b008c01 0b004801 10000 100 227259 2034910356 204405 201839
0b005701 0b00dd01 10000 100 996171 2033532179 1633736 850804
0b00fb01 0b00fc01 10000 100 6959436 2028561703 6700228 5879388
0b009c01 0b000a01 10000 100 166674 2035163117 173718 150687
0b00f401 0b002001 10000 100 1828047 2033925566 1563317 1552913
0b006f01 0b008001 10000 100 344780 2035156143 358601 301004
0b00ff01 0b00b801 10000 100 53019 2035486624 54545 54791
0b00c301 0b006501 10000 100 37981 2035507745 44470 42056
0b002601 0b000901 10000 100 1824668 2032888772 2747929 1550034
0b00f201 0b001b01 10000 100 611160 2034652700 1048438 525856
0b00b401 0b006f01 10000 100 2040556 2033964807 1778138 1732248
0b006d01 0b002901 10000 100 45894 2035698169 51633 48739
0b001e01 0b000901 10000 100 907618 2033736885 2052312 776046
0b003501 0b001701 10000 100 54771 2035743638 59130 56236
0b005401 0b007201 10000 100 18227 2035821670 26580 25417
0b006601 0b002601 10000 100 4645 2035843907 35713 13936
0b006001 0b00a701 10000 100 923589 2035149736 794501 789527
0b00b501 0b00e501 10000 100 1952583 2033023811 2922982 1657998
0b00e701 0b00ca01 10000 100 57247 2036004413 58127 58349
0b002001 0b00e301 10000 100 1415 2036076352 10408 11220
0b00d401 0b00df01 10000 100 2566 2036092146 7179 7784
0b002d01 0b00aa01 10000 100 8360 2036121243 16587 17084
0b00d701 0b000001 10000 100 76184 2036077287 84614 74335
0b000101 0b004b01 10000 100 29103 2036136028 35866 34602
0b001401 0b008c01 10000 100 27091 2036096888 83152 32904
0b00ee01 0b000001 10000 100 70615 2036189476 69200 69616
0b00f101 0b006201 10000 100 29578 2036333341 34592 34982
0b00f301 0b00bb01 10000 100 97150 2036192857 187169 92032
0b00ae01 0b00c301 10000 100 394795 2036088762 345194 343216
0b001001 0b005801 10000 100 1335981 2035350868 1145024 1137568
0b004b01 0b008c01 10000 100 855450 2035049977 1465304 732024
0b005a01 0b00be01 10000 100 49857 2036481068 132885 52085
0b003201 0b001901 10000 100 5163403 2031961830 4653582 4367938
0b001b01 0b008901 10000 100 2409967 2034545764 2096668 2044013
0b00f201 0b004501 10000 100 103404 2036480006 184706 97299
0b003901 0b006001 10000 100 8074 2036763773 16677 16855
0b00a601 0b002201 10000 100 975241 2036002733 838423 833136
0b003701 0b008f01 10000 100 1795971 2035132669 1730709 1525800
0b00f801 0b002e01 10000 100 1891 2036881344 10771 11600
0b009701 0b002a01 10000 100 5456003 2032334808 4648101 4614910
0b004501 0b007e01 10000 100 29108 2037093183 33944 34606
0b000c01 0b004f01 10000 100 58909 2037146503 59489 59723
0b005e01 0b00c101 10000 100 433175 2036860036 377731 375636
0b007201 0b005001 10000 100 20992 2037248223 27273 27717
0b005f01 0b002501 10000 100 1074083 2036372876 969948 916566
0b007f01 0b008801 10000 100 64017 2037221573 156143 64073
0b005401 0b000a01 10000 100 211503 2037304751 208268 188530
0b006701 0b007501 10000 100 1140 2037541696 10170 11000
0b00a701 0b00c301 10000 100 2007 2037575651 11193 11737
0b002b01 0b008b01 10000 100 25795 2037605568 31424 31780
0b00fb01 0b00fd01 10000 100 66494 2037602311 61521 61743
0b004601 0b00bf01 10000 100 679197 2036716235 950678 583277
0b00ca01 0b00c801 10000 100 1192017 2036665843 1018239 1011705
0b004101 0b009c01 10000 100 8052939 2030824329 6865163 6806683
0b006b01 0b00de01 10000 100 1456080 2036466561 1247238 1238972
0b006e01 0b00f301 10000 100 2628434 2035465878 2249801 2228423
0b003c01 0b009401 10000 100 710630 2037062303 700560 609788
0b005401 0b00a401 10000 100 6710 2037762573 16471 15676
0b008401 0b00cf01 10000 100 108358 2037632887 192915 101482
0b00ea01 0b00bf01 10000 100 59072 2037783677 59687 59897
0b000b01 0b002701 10000 100 30881 2037963318 35692 36068
0b008a01 0b007f01 10000 100 29769753 2002230873 35801220 25135682
0b005c01 0b00ff01 10000 100 67739 2037987404 67021 67183
0b002c01 0b008301 10000 100 49882 2038007320 57280 52105
0b003e01 0b00ac01 10000 100 41064 2038033200 47336 44699
0b00a401 0b001101 10000 100 4790733 2034014308 4082222 4053390
0b006601 0b00b101 10000 100 9746184 2026670097 11460683 8235815
0b004e01 0b00fa01 10000 100 44728 2038102444 47498 47762
0b006001 0b00ab01 10000 100 6296 2038201852 14817 15344
0b00af01 0b00dd01 10000 100 2825027 2034102784 4126364 2394365
0b00be01 0b003701 10000 100 3089106 2034453014 3894449 2617244
0b003101 0b00b401 10000 100 64529 2038285892 68693 64483
0b00e901 0b00d001 10000 100 1913547 2036162078 2241472 1625053
0b004f01 0b001301 10000 100 748 2038500189 10349 10642
0b00fe01 0b00ae01 10000 100 25072 2038517027 30787 31201
0b007f01 0b002401 10000 100 3595892 2034227505 4354016 3044937
0b00ac01 0b002c01 10000 100 6760447 2032822515 5759198 5715841
0b001401 0b005401 10000 100 3110410 2035801961 2856555 2635212
0b00b401 0b00be01 10000 100 2601989 2035886812 2944718 2201679
0b002a01 0b001f01 10000 100 43179 2038832681 46452 46479
0b00aa01 0b00c401 10000 100 31570 2038892285 38546 36664
0b00ea01 0b00cc01 10000 100 9012 2039069437 17143 17649
0b00a201 0b006e01 10000 100 50203 2039074470 52142 52406
0b000501 0b005501 10000 100 122637 2039024201 113894 113521
0b001f01 0b003801 10000 100 4343 2039197033 13154 13694
0b006e01 0b004701 10000 100 70599 2039142642 69459 69603
0b001201 0b004201 10000 100 61985 2039279678 62118 62316
0b007901 0b008501 10000 100 707290 2038724928 652554 606984
0b001701 0b005301 10000 100 8129864 2032454065 6926725 6871611
0b002901 0b00a101 10000 100 6114680 2034188821 5210194 5170804
0b00f701 0b002601 10000 100 5560 2039392724 17968 14712
0b002501 0b00cd01 10000 100 5043 2039460226 17476 14298
0b009101 0b00b701 10000 100 33567 2039451137 37983 38349
0b00e801 0b004901 10000 100 6195 2039490353 14464 15264
0b009701 0b008901 10000 100 1709 2039521603 10897 11455
0b003d01 0b004701 10000 100 160346 2039475074 145766 145360
0b001701 0b00ee01 10000 100 112977 2039527935 105207 105353
0b003a01 0b005201 10000 100 3030768 2036777552 2890979 2567978
0b002101 0b003c01 10000 100 5723035 2034701035 4977865 4840284
0b001801 0b003a01 10000 100 25737112 2015525602 24195762 21732161
0b00e901 0b00f101 10000 100 2229146 2037182302 2563361 1891436
0b008201 0b008801 10000 100 58961 2039740875 55095 55364
0b002401 0b000001 10000 100 9822 2039797727 26241 18297
0b00f001 0b00a101 10000 100 12237 2039840465 20059 20361
0b008401 0b00c001 10000 100 9193240 2032073476 7915854 7769128
0b003f01 0b006601 10000 100 515759 2038435069 1578750 445311
0b002c01 0b000001 10000 100 1390519 2038818291 1199951 1183619
0b008501 0b00bb01 10000 100 9752877 2030596199 9471322 8241433
0b008801 0b009101 10000 100 5441 2040077800 14083 14616
0b00a501 0b005f01 10000 100 42304 2040146274 47763 45735
0b005801 0b009101 10000 100 7872 2040184620 16127 16649
0b000a01 0b006601 10000 100 5847112 2034085141 6125982 4945001
0b009a01 0b003a01 10000 100 7093 2040197481 15486 16026
0b001d01 0b004801 10000 100 48148 2040215621 50398 50674
0b006701 0b006901 10000 100 78380 2040244445 82266 71780
0b00f501 0b00a301 10000 100 108529 2040110857 231829 101619
0b00e201 0b00f701 10000 100 58304 2040355721 62829 59239
0b007601 0b00ea01 10000 100 62293 2040376058 62414 62606
0b009701 0b00e401 10000 100 159669 2040336583 145181 144775
0b006601 0b003501 10000 100 1101867 2038416304 2083869 939981
0b008e01 0b006201 10000 100 72745 2040484049 71258 71408
0b00b501 0b003001 10000 100 1837069 2039158046 1570985 1560527
0b00c701 0b00f401 10000 100 38386 2040707520 42089 42424
0b00f201 0b006301 10000 100 202757 2040491872 353534 181137
0b004901 0b002001 10000 100 122967 2040794210 113953 113785
0b001901 0b00b701 10000 100 40215 2040883947 43380 43976
0b00a801 0b007a01 10000 100 3567 2040954823 12483 13029
0b00ef01 0b00bc01 10000 100 27874063 2014896599 26121869 23535750
0b00aa01 0b00f901 10000 100 57559 2040957971 110029 58599
0b003a01 0b009701 10000 100 3941 2041098306 12511 13328
0b00dc01 0b002101 10000 100 141256 2041013099 147428 129252
0b001101 0b00f201 10000 100 7776 2041168535 16396 16572
0b00b101 0b00ff01 10000 100 94635 2041075994 139600 89888
0b00bb01 0b00e801 10000 100 9576 2041226768 17591 18100
0b00a701 0b005001 10000 100 3853 2041243779 15355 13258
0b003401 0b002201 10000 100 104811 2041303266 186567 98468
0b00ec01 0b005201 10000 100 60678 2041540973 61022 61226
0b00c401 0b00a301 10000 100 7766280 2033919667 7739222 6564772
0b003701 0b00a401 10000 100 19250 2041744972 26026 26280
0b00b501 0b00fc01 10000 100 1078112 2040849539 959133 919965
0b004f01 0b002301 10000 100 7407 2041815947 15483 16277
0b001501 0b006d01 10000 100 22262 2041831846 28581 28821
0b00c901 0b006901 10000 100 184050 2041706562 165920 165380
0b00f201 0b00d701 10000 100 8320201 2033984746 7920609 7032284
0b003901 0b00b501 10000 100 606452 2040895844 1039472 521869
0b009601 0b004101 10000 100 13295 2042000992 20494 21252
0b005b01 0b00d001 10000 100 39009 2042012762 42371 42967
0b00df01 0b007901 10000 100 181707 2042030031 163895 163373
0b00bf01 0b001c01 10002 100 80285 2042194612 77708 77792
0b00f801 0b008101 10000 100 464044 2041955381 403897 401695
0b002a01 0b003701 10000 100 5362 2042351318 14019 14553
0b00c401 0b00b001 10001 100 31239 2042544975 36021 36399
0b008101 0b00ac01 10000 100 470 2042593806 9220 10420
0b001701 0b00af01 10000 100 39116 2042513479 95768 43052
0b007601 0b00dd01 10000 100 102231 2042556349 96365 96316
0b00df01 0b00f701 10000 100 59092 2042599780 64170 59913
0b003e01 0b00ed01 10000 100 6752 2042692837 15303 15709
0b00aa01 0b001b01 10000 100 2066908 2040642987 2118408 1754474
0b003901 0b009501 10000 100 34565 2042702042 93167 39192
0b00e101 0b00e601 10000 100 35996 2042855637 40857 35980
0b005d01 0b006501 10000 100 2189018 2040888231 2041284 1857574
0b003901 0b001e01 10000 100 22159 2042915450 66057 28739
0b002601 0b005201 10000 100 1263811 2041928626 1083679 1076664
0b009201 0b00e501 10000 100 521265 2041286674 1727028 449980
0b00f101 0b00d701 10000 100 649563 2041719120 1398572 558250
0b006101 0b006b01 10000 100 613353 2042648892 526358 523298
0b004b01 0b00af01 10000 100 28386491 2016719371 26588070 23968220
0b006a01 0b00aa01 10000 100 9653 2043390744 57882 18162
0b007a01 0b000a01 10000 100 89138 2043324083 160359 85270
0b00a401 0b004e01 10000 100 4916 2043514012 14373 14152
0b009401 0b00c701 10000 100 330066 2043273054 290025 288616
0b00a501 0b000e01 10000 100 186875 2043581338 168289 167728
0b003601 0b000301 10000 100 172475 2043681005 156208 155592
0b002301 0b004801 10000 100 42107 2043806800 45644 45577
0b001501 0b004401 10000 100 524959 2043523711 455647 453067
0b004601 0b001301 10000 100 9291621 2029431919 14576535 7852144
0b003f01 0b00ff01 10000 100 701330 2042808133 1200813 601952
0b007401 0b001e01 10000 100 3615 2043986138 34581 13068
0b005301 0b005601 10000 100 1797729 2042502441 1533059 1522895
0b007101 0b008d01 10000 100 3638640 2040943053 3102292 3081028
0b00c501 0b009501 10000 100 31506 2044121451 53245 36612
0b00b001 0b001a01 10000 100 9461 2044192985 18047 18008
0b006901 0b004101 10000 100 7412 2044232694 15909 16281
0b000501 0b00f701 10000 100 34840 2044275848 41687 39412
0b00aa01 0b000f01 10000 100 1557384 2042364202 2026844 1324459
0b002901 0b009201 10000 100 3942101 2040499281 3929006 3337172
0b008f01 0b008001 10000 100 1957352 2042638279 1800806 1657633
0b000c01 0b008f01 10000 100 2184619 2042422467 2019514 1853835
0b00e501 0b006601 10000 100 55545 2044551468 83397 56900
0b00f101 0b000a01 10000 100 4928992 2038937384 5781715 4170069
0b00f301 0b001e01 10000 100 8184721 2037748187 6988859 6917916
0b003801 0b000501 10000 100 41885 2044745724 45038 45356
0b00b401 0b001b01 10000 100 9938 2044772916 17880 18390
0b00d601 0b007601 10000 100 913258 2044005110 785736 780822
0b00bb01 0b004801 10000 100 1806 2044935834 12655 11532
0b005e01 0b004a01 10000 100 3536 2045049528 12632 13004
0b00bb01 0b002001 10000 100 2236286 2043108442 1962290 1897456
0b008e01 0b002c01 10000 100 778521 2044455334 671197 667092
0b00a201 0b006c01 10000 100 3650 2045152708 12830 13096
0b001401 0b005501 10000 100 4454 2045279846 27685 13783
0b007001 0b009d01 10000 100 12170 2045370693 21249 20308
0b004401 0b004d01 10000 100 16999 2045388527 20897 19947
0b001e01 0b005601 10000 100 21613 2045406362 27820 28258
0b00d801 0b009101 10000 100 31435 2045472412 40926 36556
0b00e101 0b009701 10000 100 19029 2045587668 26352 26103
0b005b01 0b001801 10000 100 58002 2045515505 129565 58997
0b006501 0b009501 10000 100 12321008 2033794728 11903188 10408974
0b00be01 0b00dd01 10000 100 1604 2045723230 10813 11371
0b005501 0b009c01 10000 100 882982 2044999640 760476 755237
0b006001 0b002401 10000 100 1277745 2044696298 1095539 1088428
0b003401 0b005001 10000 100 8701315 2038300309 7494695 7353940
0b004701 0b00a401 10000 100 9898 2045960583 17848 18358
0b000501 0b005901 10000 100 3070 2046014125 12086 12632
0b00ab01 0b00f401 10000 100 7642 2046012956 16462 16465
0b005201 0b008901 10000 100 35508 2046057176 39364 39990
0b002901 0b00e701 10000 100 2722080 2043281091 2892640 2307476
0b004401 0b00c601 10000 100 61705 2046179568 64109 62092
0b009f01 0b00e701 10000 100 2994 2046240641 13241 12527
0b007d01 0b00ca01 10000 100 127986 2046144368 118201 118020
0b00bc01 0b007f01 10000 100 6308940 2028952431 17326057 5334748
0b007701 0b001901 10000 100 35794 2046308638 40038 40219
0b00d801 0b006101 10000 100 514738 2045888172 514411 444450
0b008901 0b00eb01 10000 100 7813 2046448470 16258 16602
0b001e01 0b004d01 10000 100 1108797 2045606097 952104 945833
0b00b101 0b001301 10000 100 7678543 2030273021 16318346 6490710
0b008101 0b00d401 10000 100 2866887 2044163573 2446411 2429657
0b00b701 0b008b01 10000 100 74336 2046486432 151061 72768
0b00fb01 0b007d01 10000 100 4156 2046629917 13005 13544
0b00db01 0b008801 10000 100 1209502 2045610621 1037531 1030841
0b00c301 0b00a801 10000 100 2811121 2044298924 2399137 2382624
0b00af01 0b008d01 10000 100 96076 2046755542 91141 91128
0b00a301 0b00aa01 10000 100 8811067 2038112357 8787767 7442181
0b007a01 0b008d01 10000 100 23563 2046990533 29542 29906
0b00ba01 0b004f01 10000 100 10131 2047035569 25595 18588
0b007e01 0b000901 10000 100 602794 2046545645 521797 518767
0b003101 0b006901 10000 100 23589 2047036261 31667 29927
0b003201 0b00c201 10000 100 23510 2047050662 29166 29864
0b008201 0b00a201 10000 100 1299366 2045036232 2217848 1106692
0b006a01 0b001a01 10000 100 23305 2047237045 29526 29700
0b006c01 0b001801 10000 100 1546021 2044882015 2419649 1314884
0b00b201 0b009a01 10000 100 74598 2047424796 73046 72978
0b007001 0b00c801 10000 100 107965 2047481868 101392 101124
0b004601 0b00d901 10000 100 299509 2047349200 281842 262807
0b004e01 0b00f501 10000 100 7668118 2040136745 7524362 6481930
0b005301 0b008e01 10000 100 22801 2047693321 28821 29252
0b005901 0b001101 10000 100 288622 2047549442 254770 253613
0b003301 0b002401 10000 100 54009 2047751300 55725 55627
0b00a601 0b001301 10000 100 51545 2047804998 53329 53524
0b00e601 0b000301 10000 100 25952 2047859138 53067 31905
0b00ed01 0b00cf01 10000 100 122519 2047799307 121334 113427
0b00aa01 0b00bb01 10000 100 3659953 2044099055 3917844 3099002
0b00d801 0b00ed01 10000 100 1191488 2046973166 1134748 1015638
0b003901 0b00d801 10000 100 8098462 2040511024 7600038 6845125
0b00cb01 0b004101 10000 100 2836 2048131858 14239 12400
0b001b01 0b009301 10000 100 142874 2048042896 140457 130591
0b00a101 0b001f01 10000 100 62604 2048122580 62391 62855
0b002701 0b008b01 10000 100 827414 2046532634 1868035 708363
0b00c601 0b004301 10000 100 1665852 2044896517 3581051 1415985
0b00a101 0b004a01 10000 100 196094 2048392294 176334 175543
0b00e001 0b00f801 10000 100 28553 2048597143 33722 34118
0b005601 0b00ee01 10000 100 971537 2047914056 835250 829997
0b009501 0b00f001 10000 100 44582 2048742648 47668 47645
0b005f01 0b009801 10000 100 8224734 2037967053 10829498 6951687
0b00c001 0b005801 10000 100 670732 2048157631 641547 576109
0b003b01 0b000101 10000 100 1518497 2047549059 1300177 1291633
0b003f01 0b004301 10000 100 8895941 2037983899 10898786 7518176
0b006901 0b009501 10000 100 42145 2048862143 80438 45608
0b002501 0b002001 10000 100 17270 2048957349 33881 20208
0b006c01 0b00ce01 10000 100 2432996 2046738260 2348014 2063448
0b00f001 0b009401 10000 100 61703 2049063267 114136 62090
0b009701 0b004801 10000 100 106013 2049128420 99593 99518
0b00e601 0b003701 10000 100 3996815 2045811873 3429004 3383320
0b00ad01 0b003601 10000 100 31015 2049208736 48593 36220
0b001801 0b00b201 10000 100 31605 2049239924 62830 36692
0b00fe01 0b004c01 10000 100 897825 2048614510 772929 767772
0b004501 0b000601 10000 100 64997 2049378624 65023 64857
0b00c601 0b00e301 10000 100 939499 2048686593 808255 802959
0b00f501 0b009201 10000 100 2703246 2047254044 2319294 2291572
0b002801 0b00ba01 10000 100 27142 2049551849 34749 32945
0b007401 0b00fb01 10000 100 2661820 2047329256 2271986 2256584
0b002201 0b000001 10000 100 17669 2049607765 24465 24927
0b00ba01 0b004101 10000 100 3510706 2046750086 3004826 2973048
0b001a01 0b008b01 10000 100 5524622 2043743059 6083587 4672797
0b007f01 0b00c201 10000 100 918 2049885291 10318 10778
0b003901 0b00fa01 10000 100 27488 2049918459 55568 33222
0b008a01 0b00e301 10000 100 4066 2050025682 12661 13472
0b00df01 0b00ff01 10000 100 32914 2050166627 37526 37783
0b003401 0b001e01 10000 100 52823 2050198908 99030 54590
0b002501 0b001401 10000 100 22421579 2030625947 19705352 18933831
0b004d01 0b00ee01 10000 100 1418818 2049140404 1215434 1207490
0b001801 0b004401 10000 100 4695269 2045239684 5167106 3972839
0b00d301 0b009001 10000 100 50244 2050388309 51903 52439
0b00f501 0b00f301 10000 100 41605 2050499011 40360 40732
0b00d001 0b008901 10000 100 45887 2050547615 48439 48733
0b008e01 0b001701 10000 100 15722 2050567887 35280 23281
0b003401 0b006f01 10000 100 990559 2049812862 896317 846051
0b008601 0b00ad01 10000 100 7430 2050772219 15963 16296
0b00ea01 0b00db01 10000 100 36848 2050738734 71432 41106
0b00a701 0b005701 10000 100 563 2050817577 9406 10494
0b006801 0b00b601 10000 100 6078 2050903717 15033 15170
0b003501 0b007101 10000 100 6851 2050912122 16367 15788
0b00eb01 0b009b01 10000 100 2501 2051051036 11715 12132
0b001201 0b009201 10000 100 759 2051063576 9798 10651
0b00e001 0b003801 10000 100 1551875 2049750294 1328512 1319788
0b00c301 0b002c01 10000 100 52796 2051112804 54317 54568
0b00d101 0b008f01 10000 100 12687 2051491920 19957 20721
0b002001 0b002501 10000 100 435524 2051159157 375195 373203
0b009a01 0b001701 10000 100 1322227 2050508364 1146484 1125993
0b000201 0b00c001 10000 100 7120529 2045478489 6190249 6019747
0b00db01 0b000401 10000 100 12898 2051652697 21822 20890
0b008c01 0b005801 10000 100 23594 2051685661 31133 29931
0b009901 0b004101 10000 100 9146 2051781803 17381 17756
0b009b01 0b002601 10000 100 888 2051853629 10294 10754
0b00f401 0b006501 10000 100 9437616 2043864864 8139651 7975364
0b00a701 0b005701 10001 100 25493 2052041800 31124 31538
0b005401 0b00b101 10000 100 52541 2052027929 98116 54364
0b00ae01 0b00a501 10000 100 2813 2052156030 7376 7982
0b005801 0b006101 10000 100 2516419 2050032439 2149941 2133883
0b00f401 0b006901 10000 100 4628 2052191058 13900 13922
0b00c501 0b005b01 10000 100 4515 2052200250 13292 13832
0b001801 0b006b01 10000 100 209426 2052034439 214307 186780
0b005901 0b003801 10000 100 43756 2052436512 46635 46940
0b00e701 0b00dd01 10000 100 5642873 2047759758 4805878 4772590
0b001601 0b00c401 10000 100 30856 2052522805 61485 36048
0b00a401 0b009a01 10000 100 3504 2052597142 12433 12979
0b008f01 0b007a01 10000 100 1101393 2051753814 1029889 939602
0b00ac01 0b000601 10000 100 1277 2052837460 10551 11109
0b00d901 0b009f01 10000 100 8674969 2045448217 7402518 7331675
0b006201 0b00f701 10000 100 1380170 2051680456 1213152 1174900
0b000801 0b009401 10000 100 4779174 2047745119 5155324 4043659
0b004b01 0b002101 10000 100 42249 2052906300 47647 45691
0b004801 0b000d01 10000 100 447998 2052612891 390224 388110
0b003301 0b001801 10000 100 2682227 2050941640 2302593 2273833
0b005401 0b00c601 10000 100 5796 2053238766 14638 14900
0b008801 0b006701 10000 100 795098 2051542572 1723779 681102
0b00d501 0b002d01 10000 100 9053879 2045577552 7705426 7651479
0b004e01 0b000b01 10000 100 3618137 2045739481 7587412 3063745
0b001501 0b00f801 10000 100 3451059 2050518348 2942878 2922735
0b00a601 0b00e201 10000 100 6705 2053475408 15422 15672
0b003701 0b00cf01 10000 100 20441 2053494869 26993 27276
0b00ba01 0b00d201 10000 100 1634 2053581180 12001 11395
0b00e101 0b001601 10000 100 37609 2053549124 57825 41759
0b00a901 0b00e001 10000 100 16556 2053585889 23544 23992
0b005b01 0b001601 10000 100 20317 2053571489 38005 27177
0b003a01 0b007001 10000 100 1875961 2052022538 1604008 1593312
0b000401 0b00c401 10000 100 6430229 2048233896 5502377 5437147
0b00b001 0b00b101 10000 100 7257392 2047441006 6367148 6130865
0b009901 0b003e01 10000 100 37654 2053921664 41578 41795
0b002801 0b005901 10000 100 3802 2054125986 13360 13217
0b00b301 0b00a901 10000 100 22462 2054125346 28862 28981
0b00bb01 0b00c101 10000 100 54737 2054120213 149014 56209
0b00d801 0b00fa01 10000 100 637602 2053770565 551589 548153
0b00fc01 0b00dd01 10000 100 9241 2054412171 24813 17832
0b003b01 0b002501 10000 100 1959548 2052825884 1675277 1663878
0b009501 0b001d01 10000 100 29530 2054512819 34749 34944
0b00cd01 0b005201 10000 100 1896 2054546123 10775 11604
0b002f01 0b003501 10000 100 3249 2054546289 14378 12775
0b00ab01 0b002801 10000 100 1175113 2053573603 1008621 1001834
0b00a101 0b006201 10000 100 42863 2054768982 46030 46182
0b00ef01 0b006801 10000 100 17685 2054797347 24206 24940
0b00ea01 0b00de01 10000 100 9876377 2046283493 8624351 8345689
0b007601 0b000701 10000 100 796195 2054233726 686236 682024
0b005e01 0b00ea01 10000 100 1687668 2053426930 1568269 1434406
0b001401 0b000201 10000 100 4224 2055015045 14487 13599
0b002b01 0b005001 10000 100 2332 2055050851 11445 11997
0b005001 0b005601 10000 100 25557 2055070161 26721 27189
0b003401 0b002601 10000 100 3854386 2051762801 3345815 3263128
0b00cf01 0b004701 10000 100 21166 2055176238 27528 27900
0b00e001 0b00a801 10000 100 31007 2055195662 35843 36213
0b008601 0b001901 10000 100 3374 2055228136 12311 12875
0b005401 0b003f01 10000 100 5271 2055331325 13947 14480
0b002301 0b00e301 10000 100 69752 2055275122 77868 68881
0b00ca01 0b009a01 10000 100 50428 2055315601 52520 52586
0b006501 0b00ac01 10000 100 5221 2055361894 13907 14440
0b006001 0b003401 10000 100 874155 2054638779 782717 747824
0b00ec01 0b009701 10000 100 3484702 2052466990 2971692 2951101
0b000401 0b00d101 10000 100 37189 2055440191 41296 41423
0b007a01 0b002c01 10000 100 5426 2055514196 18296 14604
0b00bb01 0b004201 10000 100 5726691 2049660975 5924601 4843340
0b005b01 0b009401 10000 100 60874 2055525928 61189 61383
0b00bb01 0b00bd01 10000 100 1258798 2053526820 2123361 1068034
0b004501 0b00f801 10000 100 8184 2055640062 16155 16943
0b001901 0b000b01 10000 100 2822009 2052172558 3494907 2391819
0b007d01 0b007101 10000 100 33926 2055608140 62186 34236
0b008d01 0b00e201 10000 100 177850 2055524777 160751 160112
0b008301 0b005d01 10000 100 22382 2055659200 28485 28917
0b006601 0b002601 10001 100 681201 2055215900 588473 584968
0b009e01 0b008a01 10000 100 18827 2055768168 41187 25897
0b00c501 0b002701 10000 100 8855 2055851822 24299 17480
0b003001 0b00b301 10000 100 58929 2055883321 63377 59739
0b00b001 0b00c601 10000 100 79942 2055964705 77383 77473
0b005f01 0b002901 10000 100 1517875 2054849032 1299820 1291092
0b005b01 0b00d101 10000 100 8299 2056194887 16247 17035
0b008701 0b00d201 10000 100 22883 2056244028 49509 29318
0b002301 0b00eb01 10000 100 78841 2056316117 91600 76548
0b00aa01 0b00d501 10000 100 226637 2056294761 202281 201297
0b009301 0b00f901 10000 100 75452 2056331418 200624 73705
0b008601 0b006801 10000 100 29205 2056659955 34294 34684
0b004701 0b00fc01 10000 100 104774 2056605760 105402 98439
0b002e01 0b000c01 10000 100 10271 2056708259 17925 18700
0b002b01 0b006301 10000 100 56657 2056691561 57639 57833
0b00fc01 0b00ac01 10000 100 46949 2056697465 89220 49627
0b003201 0b00f201 10000 100 24906 2056800575 30781 31024
0b00b301 0b004c01 10000 100 2215193 2054946938 1896115 1879658
0b009601 0b00e701 10000 100 52762 2056777176 98961 54541
0b00a101 0b005201 10000 100 32958 2056853912 37446 37818
0b008001 0b00f101 10000 100 5736 2056895222 16830 14852
0b00fc01 0b002301 10000 100 4280198 2053296811 3702055 3622522
0b00f101 0b002d01 10000 100 36613 2057006289 41369 40918
0b001101 0b002c01 10000 100 25861 2057039979 31401 31832
0b009301 0b004b01 10000 100 5444144 2048398629 8707137 4604895
0b003801 0b009101 10000 100 10390 2057198177 26637 18796
0b005f01 0b009701 10000 100 36890 2057259559 40520 41140
0b00e701 0b004d01 10000 100 32290 2057297778 37123 37284
0b003701 0b002d01 10000 100 59879 2057382388 60335 60543
0b003901 0b00ce01 10000 100 9729909 2049154721 8303452 8222047
0b008401 0b006401 10000 100 9422527 2049522006 8018812 7962633
0b004801 0b006701 10000 100 6534 2057524148 20031 15535
0b00d701 0b00af01 10000 100 60431 2057546068 61015 61028
0b001001 0b00ed01 10000 100 5360582 2052949148 4751167 4534349
0b00b401 0b00a601 10000 100 1545131 2056554012 1369901 1314128
0b00b601 0b008001 10000 100 9093229 2050207884 7739798 7684719
0b003501 0b004101 10000 100 23083 2057920484 32567 29522
0b006901 0b00d201 10000 100 13220956 2046675573 11306029 11168488
0b000c01 0b004001 10000 100 990905 2057246666 851718 846328
0b004b01 0b006501 10000 100 10795 2058153046 18616 19120
0b00ad01 0b005901 10000 100 279129 2057256396 955042 245623
0b00be01 0b006201 10000 100 39128 2058296599 75613 43062
0b005401 0b009101 10000 100 2533813 2056206072 2172042 2148546
0b004601 0b002701 10000 100 4165551 2054822848 3557864 3525744
0b008c01 0b004c01 10000 100 21663 2058373984 27860 28298
0b003301 0b001701 10000 100 238349 2057623980 866265 211195
0b003a01 0b00e401 10000 100 72411 2058432441 71202 71140
0b000e01 0b000801 10000 100 70437 2058531705 64875 65073
0b00fc01 0b002101 10000 100 2671 2058637534 11445 12268
0b009f01 0b00a001 10000 100 69070 2058586582 68190 68336
0b002601 0b00ee01 10000 100 11064 2058722461 18881 19379
0b00a401 0b009c01 10000 100 29854 2058716022 35017 35203
0b002801 0b00e801 10000 100 35333 2058917278 56273 39850
0b009901 0b004c01 10000 100 15915 2058993236 22962 23436
0b008001 0b000801 10000 100 6406 2059011829 16145 15432
0b006401 0b002601 10000 100 135 2059024046 8550 10152
0b00be01 0b004e01 10000 100 3382564 2055848405 3208813 2864903
0b009101 0b000801 10000 100 22310 2059317130 28428 28860
0b000d01 0b00f701 10000 100 135718 2059098439 260492 124558
0b008d01 0b000c01 10000 100 15016 2059354857 22243 22716
0b00eb01 0b007401 10000 100 51044 2059285458 95763 53123
0b00b401 0b00da01 10000 100 26689 2059359165 32950 32539
0b00dd01 0b004d01 10000 100 474595 2059013746 437017 410576
0b003301 0b007601 10000 100 2407990 2057211608 2258847 2042344
0b004e01 0b00b401 10000 100 4997083 2049534119 9936469 4227578
0b007a01 0b003501 10000 100 11372521 2049975024 9798250 9608428
0b003401 0b008c01 10000 100 7327 2059831495 15691 16213
0b009401 0b008001 10000 100 9345 2059835290 25066 17916
0b005701 0b002601 10000 100 67002 2059915670 66496 66593
0b002601 0b009801 10000 100 3842 2060029747 14793 13249
0b003f01 0b002001 10000 100 1858873 2056902937 3169509 1578894
0b004c01 0b00a101 10000 100 1013568 2059595542 870998 865470
0b00cd01 0b00d301 10000 100 1395 2060488510 10973 11204
0b008e01 0b009a01 10000 100 11169 2060484157 28073 19463
0b003701 0b00a301 10000 100 1162117 2059597949 1048139 990865
0b009d01 0b00e001 10000 100 40037 2060678137 125591 43833
0b009e01 0b00b201 10000 100 9062477 2053102373 7728960 7658753
0b00a201 0b008301 10000 100 43730 2060966513 50538 46920
0b00e101 0b001401 10000 100 25496 2060988397 37290 31540
0b003901 0b00a901 10000 100 653968 2060516424 565317 561950
0b000e01 0b00b101 10000 100 58684 2060988934 108634 59543
0b008401 0b00be01 10000 100 43718 2061085308 83076 46910
0b003f01 0b007101 10000 100 4699363 2055600339 5583968 3976290
0b00f601 0b001301 10000 100 4048449 2057722361 3492108 3426915
0b003b01 0b001e01 10000 100 54408 2061126565 101515 55946
0b000901 0b003701 10000 100 15824 2061271585 22889 23363
0b002501 0b00fa01 10000 100 4345874 2057596948 3703636 3677923
0b002201 0b003101 10000 100 58853 2061423243 59462 59678
0b005f01 0b009f01 10000 100 76527 2061404200 79891 74609
0b00ea01 0b007801 10000 100 1692825 2058626641 2887059 1438752
0b008401 0b00e201 10000 100 1546465 2060206024 1361337 1315240
0b00f701 0b002201 10000 100 53685 2061468548 133107 55324
0b00a001 0b00bb01 10000 100 22667 2061594771 28713 29145
0b007d01 0b00c601 10000 100 3893 2061635056 12892 13290
0b006e01 0b001a01 10000 100 35631 2061711856 39735 40088
0b00f101 0b00ee01 10000 100 64872 2061724635 66006 64757
0b003b01 0b00f501 10000 100 4892657 2057588634 4214643 4139417
0b00b401 0b00e801 10000 100 22079 2061908397 60083 28675
0b00d901 0b00e601 10000 100 251 2061996151 8782 10244
0b00f701 0b008e01 10000 100 1007438 2060648420 1362132 860302
0b009801 0b00b901 10000 100 289168 2061789280 274223 254094
0b005001 0b006901 10000 100 15586 2062054958 22699 23172
0b00e801 0b005a01 10000 100 9107473 2052407312 9723570 7696730
0b00aa01 0b005401 10000 100 3463010 2059219838 2953459 2932824
0b000b01 0b000801 10000 100 2993 2062232966 7520 8126
0b008a01 0b009001 10000 100 92180 2062163933 88090 87836
0b009901 0b008701 10000 100 2132 2062272994 11461 11837
0b005b01 0b00ea01 10000 100 50183 2062284730 55806 52390
0b004201 0b00c501 10000 100 4760 2062464306 14487 14028
0b00b101 0b002f01 10000 100 1170 2062485031 11168 11024
0b008201 0b00e101 10000 100 24901333 2040250538 22284121 21026754
0b00b801 0b005a01 10000 100 1235952 2060476980 2203313 1053145
0b009501 0b006b01 10000 100 1006087 2061831356 864858 859177
0b006a01 0b003401 10000 100 5579 2062723940 13939 14727
0b00f501 0b003d01 10000 100 29950 2062712879 34890 35280
0b001b01 0b002001 10000 100 5187 2062815684 15221 14413
0b003401 0b008d01 10000 100 23479 2063078383 29141 29839
0b00ca01 0b000001 10000 100 5639 2063186605 13969 14775
0b009301 0b006701 10000 100 21970273 2039832601 23390696 18552942
0b003f01 0b009a01 10000 100 49478 2063194843 51512 51782
0b00c601 0b00f901 10000 100 38047 2063357975 41999 42153
0b00fd01 0b009901 10001 100 61530 2063362448 61482 61952
0b00df01 0b009e01 10000 100 2334906 2061464840 1994316 1980664
0b009801 0b005601 10000 100 298210 2063274982 282168 261724
0b006401 0b008601 10000 100 1517023 2062384428 1299200 1290410
0b004801 0b004d01 10000 100 57550 2063643614 57846 54192
0b009f01 0b004901 10000 100 4491569 2059874390 3832329 3800903
0b00d101 0b007701 10000 100 5159 2063816828 13585 14391
0b004d01 0b008901 10000 100 3833452 2058431273 5410530 3245457
0b002b01 0b009301 10000 100 12622 2063825656 19905 20669
0b008601 0b00d501 10000 100 20630 2063917888 27090 27428
0b002501 0b00b901 10000 100 52114 2063911871 53851 54023
0b00cf01 0b009901 10000 100 79456 2063831932 143584 77084
0b00e701 0b00d601 10000 100 7588 2063962765 15945 16422
0b008301 0b000b01 10000 100 1834449 2062463882 1568950 1558299
0b003a01 0b00b201 10000 100 655304 2063493804 566473 563107
0b003d01 0b00cb01 10000 100 15497 2064146522 22609 23101
0b00f201 0b009401 10000 100 77443 2064109729 75012 75386
0b007201 0b005201 10000 100 31192 2064185052 40688 36361
0b00b001 0b00ee01 10000 100 71240 2064134751 96354 70160
0b004101 0b00f101 10000 100 1180480 2062524445 1799171 1006348
0b009b01 0b00f201 10000 100 2088 2064329074 11250 11802
0b00a301 0b002d01 10000 100 5144282 2059857937 4514596 4351805
0b007001 0b003001 10000 100 58128 2064372366 58882 59098
0b00cf01 0b004701 10001 100 4440305 2060653874 3851285 3757648
0b007801 0b00e001 10000 100 21065 2064501350 27602 27820
0b002001 0b001701 10000 100 7838788 2056726691 7834218 6625946
0b00aa01 0b003201 10000 100 926792 2063763745 797213 792221
0b00b501 0b009201 10000 100 30811 2064546952 35836 36012
0b005f01 0b007201 10000 100 1288736 2063553634 1107066 1097704
0b008201 0b002701 10000 100 558265 2063297406 1375076 481208
0b00c301 0b000201 10000 100 1286780 2062146188 2678151 1096052
0b00d401 0b008c01 10000 100 172130 2064588027 289580 155316
0b002f01 0b00fa01 10000 100 41204 2064984031 45502 44811
0b00c401 0b006801 10000 100 6809898 2057589797 7474812 5757558
0b00e601 0b00d401 10000 100 1313 2065149442 10308 11138
0b004e01 0b000201 10000 100 10844272 2047407978 17810104 9162597
0b001601 0b000801 10000 100 82005 2065092781 217408 79256
0b00e501 0b009801 10000 100 16198022 2040606073 24756433 13681173
0b001b01 0b00e101 10001 100 21049 2065339312 31079 27807
0b00a801 0b00cd01 10000 100 26601 2065351294 43243 32468
0b000b01 0b004e01 10000 100 2803 2065462473 11822 12374
0b002801 0b00a801 10000 100 32094 2065441341 36861 37127
0b004d01 0b002f01 10000 100 6126 2065475413 24788 15208
0b00bc01 0b00e501 10000 100 26669770 2033202655 32335163 22519296
0b00eb01 0b002f01 10000 100 1470628 2061790108 3759014 1251226
0b00b901 0b001a01 10000 100 1962729 2063946000 1678942 1666555
0b007f01 0b00f701 10000 100 7383222 2058167011 7532476 6241473
0b00eb01 0b008801 10000 100 2052701 2060973489 4748881 1742492
0b00f201 0b006d01 10000 100 74811 2065779490 72757 73148
0b00be01 0b000d01 10000 100 724623 2065243778 632349 621598
0b002f01 0b00a601 10000 100 76396 2065838035 74397 74504
0b009601 0b005f01 10000 100 9293 2065891997 24224 17874
0b00dd01 0b007d01 10000 100 582 2066122549 9270 10509
0b004101 0b004801 10000 100 1556925 2064861000 1328366 1319648
0b00ef01 0b00e301 10000 100 6408 2066186484 11568 11034
0b009501 0b00cd01 10000 100 61951 2066135088 83087 62288
0b005101 0b003b01 10000 100 2179189 2064423913 1861763 1849271
0b00d701 0b00ab01 10000 100 25353 2066259252 30740 31426
0b00f701 0b00dc01 10000 100 21967522 2034333592 31980831 18550609
0b00a101 0b00b401 10000 100 4787082 2062395017 4078699 4050337
0b009601 0b009901 10000 100 4976 2066467986 12670 9800
0b00cc01 0b00dd01 10000 100 156321 2066378433 142065 141964
0b00a601 0b004301 10000 100 42771 2066564556 45797 46108
0b002101 0b008c01 10000 100 1524019 2063056759 3882614 1296315
0b00c001 0b008001 10000 100 9220923 2058420404 8662182 7792462
0b003501 0b004701 10000 100 23422 2067078226 33279 29793
0b00b601 0b00ad01 10000 100 17820 2067096090 25826 25048
0b00cd01 0b00e001 10000 100 33850 2067123395 45641 38576
0b004701 0b009901 10000 100 14309 2067158320 21654 22107
0b002c01 0b003201 10000 100 28930 2067221790 34024 34420
0b00b101 0b000101 10000 100 47783 2067307951 51651 50338
0b009601 0b00e201 10000 100 15025 2067386528 34690 22724
0b005b01 0b004601 10000 100 9553 2067415024 18899 18082
0b001c01 0b007e01 10000 100 9771237 2059130952 8315363 8256957
0b008401 0b007301 10000 100 6822 2067462861 15401 15765
0b00cf01 0b008201 10000 100 247500 2067313110 219830 218912
0b004601 0b001301 10001 100 435758 2067164850 380448 377790
0b001601 0b00ee01 10000 100 1964557 2064141444 3418272 1668105
0b004901 0b004301 10000 100 47087 2067534752 51046 45381
0b005501 0b003501 10000 100 882831 2066919405 761371 755116
0b004601 0b003c01 10000 100 58887 2067810526 62761 59705
0b002201 0b009b01 10000 100 782065 2066979045 899482 670104
0b00de01 0b00e401 10000 100 246679 2067689912 234320 218211
0b004d01 0b006f01 10000 100 28801 2067833103 104638 34316
0b008501 0b002701 10000 100 5359143 2062200707 5760989 4533154
0b00cf01 0b00ad01 10000 100 20343 2067994666 62577 27198
0b007f01 0b00bf01 10000 100 1955375 2066380415 1730424 1660364
0b00e401 0b005801 10000 100 29114 2068046321 82866 34611
0b00bb01 0b00ca01 10000 100 3504357 2065152884 2988364 2967705
0b000701 0b009e01 10000 100 171202 2068087815 154973 154529
0b00a301 0b00d801 10000 100 351373 2067999164 308128 306586
0b00b501 0b004101 10000 100 50883 2068279092 52686 52950
0b005a01 0b00cd01 10000 100 39339 2068297205 55921 43231
0b006f01 0b009201 10000 100 14960 2068395938 22148 22628
0b00f501 0b00ad01 10000 100 728767 2067736690 723577 625089
0b000d01 0b00fb01 10000 100 3251271 2065764237 2780526 2754104
0b00ef01 0b00d401 10000 100 7052 2068575887 15596 15993
0b002c01 0b00b501 10000 100 7181 2068701016 15912 16096
0b009301 0b003e01 10000 100 11239 2068699595 27498 19519
0b00e401 0b007f01 10000 100 1294570 2066481122 2250128 1102636
0b006701 0b00b301 10000 100 25497 2068848545 51782 31541
0b00cd01 0b008c01 10000 100 1071035 2066529532 2376751 913996
0b007f01 0b001601 10000 100 62866 2068906072 67088 63064
0b00b401 0b008c01 10000 100 5737 2068966166 16568 14853
0b000001 0b00d401 10000 100 141926 2068917090 130071 129788
0b000801 0b00c601 10000 100 9365 2069160415 17150 17932
0b002101 0b00ed01 10000 100 1960795 2067736190 1676321 1664920
0b001801 0b004801 10000 100 23982 2069453618 29815 30241
0b002101 0b00b401 10000 100 35085 2069454302 39298 39652
0b000501 0b00ef01 10000 100 154882 2069448308 141085 140725
0b002701 0b00f001 10000 100 53778 2069546842 55201 55398
0b00ca01 0b00c101 10000 100 53549 2069599214 50515 50815
0b003c01 0b00d601 10000 100 2955195 2066671227 3093753 2504220
0b00f801 0b00c801 10000 100 23661 2069808549 49396 29984
0b000701 0b00d301 10000 100 3900 2069869569 12478 13296
0b004501 0b001a01 10000 100 19991 2069882706 26584 26872
0b009d01 0b00cd01 10000 100 19692024 2043459230 26521416 16630111
0b00f801 0b001e01 10000 100 1313064 2068751676 1254732 1118267
0b009601 0b009d01 10000 100 17152597 2054181311 15832998 14482409
0b00d101 0b007301 10000 100 155817 2069953284 141883 141517
0b001e01 0b00aa01 10000 100 1596010 2068631567 1534761 1357076
0b00bf01 0b00a501 10000 100 59312 2070151742 59879 60089
0b003201 0b00f001 10000 100 10687 2070208474 18529 19033
0b00af01 0b00f101 10000 100 63432 2070152806 99167 63561
0b002201 0b008c01 10000 100 4036890 2062646215 7609067 3417140
0b004b01 0b009f01 10000 100 16751 2070338211 23663 24148
0b00f301 0b005001 10000 100 128041 2070242760 135177 118108
0b005101 0b00de01 10000 100 4998 2070466461 13406 14218
0b003c01 0b006201 10000 100 1704756 2068617977 2027509 1448824
0b00f701 0b001701 10000 100 8229 2070660290 22983 16979
0b007001 0b00cd01 10000 100 9875 2070703807 17830 18340
0b004701 0b007601 10000 100 9533 2070807230 25119 18066
0b00bc01 0b006301 10000 100 136851 2070802077 125763 125508
0b004d01 0b00f601 10000 100 6079142 2060080693 10917670 5140833
0b007c01 0b005e01 10000 100 44460 2070998914 47248 47548
0b00a101 0b006e01 10000 100 1680315 2069683289 1437732 1428216
0b00e201 0b00cb01 10000 100 29487 2071234802 36825 34909
0b004d01 0b00e901 10000 100 3559340 2064304039 6998050 3014112
0b00db01 0b003001 10000 100 3045 2071335734 14498 12612
0b00b601 0b00c101 10000 100 30621 2071346194 35205 35860
0b00b601 0b005301 10000 100 27589 2071383580 34622 33303
0b00e101 0b006101 10000 100 58164 2071601792 59087 59127
0b00df01 0b008201 10000 100 1819 2071653913 10988 11543
0b00f801 0b00ff01 10000 100 39224 2071632714 78953 38739
0b000001 0b003d01 10000 100 1258769 2070646232 1079441 1072411
0b000501 0b00a901 10000 100 32083 2071725348 41496 37118
0b00c601 0b000b01 10000 100 1273 2071787204 10758 11106
0b00ed01 0b005d01 10000 100 16960 2071988109 23576 24316
0b007101 0b003001 10000 100 3868836 2068720730 3300871 3275304
0b00d201 0b009c01 10000 100 9695 2072016129 17686 18196
0b00c501 0b001001 10000 100 18292031 2056008851 16036879 15448516
0b002601 0b002301 10000 100 64649 2072112621 59945 60179
0b006901 0b007701 10000 100 1752266 2069765024 2447493 1488944
0b00cb01 0b004301 10000 100 155341 2071953557 273239 141136
0b006f01 0b000701 10000 100 29430 2072395755 35778 34864
0b006401 0b00ee01 10000 100 399717 2072148794 349408 347373
0b008e01 0b00c901 10000 100 67750 2072422095 124217 67192
0b004b01 0b002d01 10000 100 55472 2072512849 60133 56841
0b006701 0b003301 10000 100 8719667 2065221757 7443012 7369413
0b00d701 0b00d901 10000 100 36962 2072635959 36395 36797
0b002e01 0b004001 10000 100 16658 2072667505 23641 24074
0b004f01 0b008d01 10000 100 62017 2072621744 70599 62385
0b00ab01 0b003e01 10000 100 4591353 2068073140 4711112 3885130
0b004201 0b007001 10000 100 1114623 2071833746 956878 950758
0b004d01 0b006d01 10000 100 2457801 2067840266 4997971 2084392
0b009901 0b001201 10000 100 58267 2072824431 62890 59209
0b00c401 0b008301 10000 100 22839 2073003884 29827 29283
0b008e01 0b00c001 10000 100 14023985 2060477785 12561054 11846244
0b00e501 0b004901 10000 100 6002774 2067325900 5774422 5076351
0b001601 0b00ac01 10000 100 8940091 2063750649 9352675 7555476
0b00b801 0b002501 10000 100 6938 2073165191 17055 15858
0b004d01 0b004901 10000 100 29122 2073160520 29773 30217
0b00c901 0b00c501 10000 100 333700 2072972368 288636 287256
0b00b301 0b009701 10000 100 766072 2071993212 1324303 656605
0b00e001 0b009f01 10000 100 2449 2073331899 11591 12091
0b00aa01 0b007301 10000 100 2501977 2071230719 2136104 2121669
0b006901 0b00f801 10000 100 25901 2073301444 76286 31864
0b00c101 0b007301 10000 100 20341 2073517868 26816 27196
0b00e401 0b00f301 10000 100 11507798 2062621828 10940017 9722590
0b008301 0b00ff01 10000 100 28958 2073552917 81977 34442
0b006801 0b007b01 10000 100 94773 2073584976 96055 89998
0b000f01 0b00cf01 10000 100 70128 2073613418 68810 69226
0b00ee01 0b004101 10000 100 20518 2073803797 27132 27338
0b00f701 0b00e501 10000 100 6371023 2067875552 5960308 5387186
0b00d201 0b001301 10000 100 14976 2073839297 22181 22640
0b005301 0b00ec01 10000 100 16728553 2059646663 14231045 14128918
0b00e701 0b00b201 10000 100 2026994 2072163017 1732491 1720783
0b00cb01 0b00fc01 10000 100 8616506 2066472494 7467470 7282352
0b008001 0b007701 10000 100 1618721 2072713400 1385383 1376212
0b00ad01 0b00dc01 10000 100 21499841 2046989088 27129649 18155872
0b004201 0b007d01 10000 100 259598 2073934921 230460 229118
0b00c401 0b006e01 10000 100 2986 2074188625 12176 12520
0b001001 0b008601 10000 100 6193568 2068534404 5673110 5237390
0b008c01 0b003e01 10000 100 116347 2074056482 206072 108225
0b00d201 0b00f601 10000 100 423310 2073915482 369488 367304
0b00f701 0b001f01 10000 100 50677 2074299836 52664 52785
0b00d101 0b002a01 10000 100 1054078 2073483432 905442 899682
0b00b701 0b001b01 10000 100 16219786 2060628690 13798390 13699508
0b009401 0b005001 10000 100 1868363 2072844955 1597918 1586926
0b005901 0b008701 10000 100 1760033 2073082569 1651358 1495510
0b000801 0b001a01 10000 100 4590 2074772310 13352 13892
0b00fa01 0b005d01 10000 100 12842 2074787608 20537 20845
0b00c701 0b00d001 10000 100 994133 2073980210 863598 849086
0b008701 0b00d701 10000 100 183026 2074652364 241551 164516
0b000901 0b001001 10000 100 79728 2074855346 88695 77302
0b00aa01 0b00e301 10000 100 19954 2074919663 28244 26843
0b001c01 0b00e501 10000 100 20365 2074900648 54211 27216
0b00bb01 0b006d01 10000 100 63147 2074904411 94334 63333
0b00bc01 0b002a01 10000 100 7207 2074982051 21556 16117
0b00a001 0b006401 10000 100 456 2075055623 9192 10408
0b00b801 0b00e501 10000 100 25882 2075037239 84795 31849
0b00e101 0b005c01 10000 100 21222 2075126542 27698 27945
0b005701 0b009001 10000 100 1272 2075311020 10636 11105
0b006901 0b00b801 10000 100 4781628 2070305102 5048024 4045710
0b00b801 0b00b501 10000 100 27654 2075322653 31009 28955
0b009e01 0b009601 10000 100 57027 2075316077 57602 53773
0b008401 0b00e501 10000 100 41733 2075352518 52881 45234
0b007401 0b000901 10000 100 6948293 2069495217 5920764 5874390
0b00b301 0b00f801 10000 100 5009312 2070448596 5007078 4237889
0b00e001 0b008301 10000 100 59070 2075471752 62048 59896
0b00e601 0b00db01 10000 100 10244 2075884897 18562 18679
0b008c01 0b004f01 10000 100 4121932 2071611048 4348033 3488913
0b009401 0b004301 10000 100 1520161 2074687968 1301817 1293052
0b001f01 0b00a201 10000 100 62080 2075917425 115766 62436
0b00db01 0b003401 10000 100 33617 2076025244 83712 38389
0b00d501 0b00ac01 10000 100 10221 2076140062 18157 18660
0b00bd01 0b003401 10000 100 1326671 2073277957 2914892 1129724
0b000301 0b002a01 10000 100 1877677 2074585051 1611679 1594773
0b006f01 0b005301 10000 100 146626 2076108826 134086 133768
0b008c01 0b00d901 10000 100 65473 2076140225 116871 65282
0b007b01 0b00b401 10000 100 53976 2076278108 100667 55556
0b009601 0b000d01 10000 100 4515250 2071307512 5203292 3820904
0b001b01 0b004d01 10000 100 25825 2076532150 31118 31804
0b00da01 0b00a101 10000 100 49492 2076491074 93041 51793
0b00ae01 0b004001 10000 100 12673 2076643987 23093 20710
0b008301 0b00e801 10000 100 3273847 2071441828 5242007 2773133
0b003201 0b00b201 10000 100 9309 2076756533 17516 17887
0b000b01 0b006501 10000 100 15047 2076757704 35022 22741
0b00b601 0b00e501 10000 100 1805607 2074469762 2403300 1533949
0b00f801 0b006d01 10000 100 2976932 2070493715 6426635 2522533
0b007601 0b009101 10000 100 797733 2075555501 1365147 683298
0b00bf01 0b002301 10000 100 26465 2076898019 32341 32360
0b003101 0b00b801 10000 100 15838 2076940545 22906 23374
0b00e301 0b005701 10000 100 18643457 2061142298 15858434 15745101
0b00b901 0b002701 10000 100 63203 2076977676 67642 63378
0b006e01 0b001601 10000 100 170581 2076908769 207741 153988
0b00b301 0b003e01 10000 100 1073746 2076213252 922338 916252
0b00ea01 0b00e801 10000 100 16133752 2055734930 21404750 13622497
0b002501 0b00c801 10000 100 122940 2077128914 114005 113764
0b002501 0b000c01 10000 100 4895 2077238621 13596 14136
0b000601 0b00cf01 10000 100 6203 2077260354 15039 15270
0b007a01 0b004b01 10000 100 2823 2077335324 22322 12390
0b002c01 0b007a01 10000 100 413953 2077373929 361274 359378
0b009901 0b003101 10000 100 8968 2077728958 16782 17570
0b00fe01 0b002101 10000 100 4260959 2074144786 3631247 3606251
0b004701 0b000501 10000 100 8898999 2070200965 7583766 7520755
0b006101 0b004801 10000 100 45633 2077756212 50058 48530
0b002101 0b003c01 10001 100 74401 2077800026 72701 72820
0b003701 0b004c01 10000 100 564247 2076667726 1334450 486257
0b005c01 0b004601 10000 100 65209 2077953987 65259 65071
0b001401 0b006e01 10000 100 60626 2078172930 61137 61184
0b007001 0b006801 10000 100 25885 2078227468 39938 31852
0b00bf01 0b006d01 10000 100 24840 2078332103 30552 30972
0b007401 0b006a01 10000 100 557 2078542423 9718 10489
0b007801 0b00a401 10000 100 630963 2078045936 545764 542534
0b007b01 0b005901 10000 100 26428176 2054893711 23755086 22315416
0b000b01 0b008201 10000 100 1258554 2077608673 1079416 1072239
0b00d501 0b001501 10000 100 28089 2078672459 33351 33747
0b001c01 0b00d901 10000 100 4264391 2073011226 5816304 3609172
0b003401 0b001601 10000 100 2533918 2073350124 5490317 2148630
0b001a01 0b005401 10000 100 2012 2078867424 11441 11741
0b00ea01 0b009001 10000 100 3190253 2073067017 5817525 2702606
0b006e01 0b009201 10000 100 36364 2078921343 40564 40719
0b00e001 0b00bc01 10000 100 53844 2078943811 55205 55451
0b007a01 0b002001 10000 100 187251 2078852824 168840 168072
0b005d01 0b001201 10000 100 1844945 2075616274 3421536 1567136
0b00a201 0b009701 10000 100 5273737 2073266381 5951676 4461045
0b00a601 0b00e801 10000 100 23662 2079240847 29559 29985
0b00ae01 0b002701 10000 100 30256 2079252405 60098 35568
0b006001 0b00d101 10000 100 96376 2079258921 91381 91368
0b00e601 0b00cc01 10000 100 12443 2079340134 20150 20526
0b005301 0b003001 10000 100 18385 2079348035 25088 25544
0b001001 0b00e901 10000 100 5818499 2074531636 4960629 4920835
0b001401 0b001001 10000 100 9243 2079501064 12870 13434
0b00bf01 0b000401 10000 100 28670 2080070770 33946 34212
0b00f601 0b009601 10000 100 5182 2080297455 14832 14409
0b00e001 0b00f101 10000 100 192 2080325992 8778 10197
0b004401 0b001201 10000 100 2124276 2076023283 4334157 1802920
0b00e501 0b00e901 10000 100 51802 2080306422 63467 49329
0b007b01 0b00d801 10000 100 1842238 2078815265 1575508 1564882
0b00d401 0b008501 10000 100 940255 2079579470 818720 803608
0b005201 0b00d401 10000 100 157659 2080249126 152464 143079
0b004701 0b002701 10000 100 42886 2080369054 48626 46200
0b00ae01 0b001b01 10000 100 52650 2080411261 143047 54452
0b003e01 0b008501 10000 100 25134 2080542776 30837 31251
0b00d101 0b000201 10000 100 73205 2080641035 71694 71820
0b008201 0b00aa01 10000 100 17736 2080709827 26076 24980
0b002601 0b004601 10000 100 44637 2080717383 84238 47689
0b002601 0b002301 10001 100 397382 2080478605 380740 341017
0b00e501 0b005f01 10000 100 2374666 2073113148 7766596 2014232
0b00fc01 0b00fa01 10000 100 2553 2080886999 7168 7774
0b00be01 0b006d01 10000 100 28117 2080945902 33101 33769
0b001701 0b00bb01 10000 100 3622 2080992977 13859 13073
0b005a01 0b008801 10000 100 2012876 2076932677 4103435 1708872
0b00cb01 0b00f701 10000 100 6245509 2075754857 5318328 5281231
0b009601 0b00cd01 10000 100 7057103 2073792136 7365725 5966234
0b00eb01 0b00c201 10000 100 22217066 2059270751 21944292 18761244
0b00a701 0b00a901 10000 100 443118 2080877232 381670 379630
0b000f01 0b000901 10000 100 26445 2081245486 54493 27944
0b00e601 0b00ab01 10000 100 75483 2081282641 75293 73730
0b00a301 0b00ce01 10000 100 3729209 2075413558 6032765 3157487
0b00b001 0b00c001 10000 100 6969 2081515549 15355 15883
0b008e01 0b009b01 10000 100 28841 2081510311 34124 34348
0b001401 0b008d01 10000 100 177229 2081577223 160113 159615
0b001901 0b00ff01 10000 100 9941006 2073319498 8483941 8400252
0b009d01 0b000301 10000 100 5783 2081801693 29806 14890
0b00f201 0b009e01 10000 100 54035 2081812923 62779 55648
0b00fd01 0b008b01 10000 100 1868033 2079900809 2007856 1586662
0b000401 0b00a401 10000 100 39362 2081896259 43118 43249
0b004901 0b009d01 10000 100 79478 2081815494 134402 77102
0b009801 0b00a301 10000 100 4811179 2071996153 10014088 4070671
0b00aa01 0b009d01 10000 100 4168010 2078089475 3960057 3527844
0b00f101 0b004901 10000 100 41296 2082087102 44819 44884
0b00bb01 0b001e01 10000 100 1519223 2080845034 1301052 1292258
0b008a01 0b006601 10000 100 19292 2082169185 25910 26313
0b003701 0b007901 10000 100 577445 2081745455 518367 497388
0b004701 0b002301 10000 100 49312 2082225887 51375 51649
0b005201 0b00bb01 10000 100 688 2082290393 10371 10594
0b009c01 0b00d901 10000 100 2546496 2074706845 7650361 2159264
0b005001 0b00d301 10000 100 3986 2082393322 12801 13364
0b009d01 0b00cb01 10000 100 522362 2081181475 1340784 450901
0b005101 0b005201 10000 100 737618 2081584701 1258114 628166
0b000601 0b000a01 10000 100 40329 2082849471 39289 39667
0b00fd01 0b00de01 10000 100 1678387 2081077356 1847819 1426585
0b001d01 0b00cf01 10000 100 1964625 2078998923 3953030 1668160
0b00d601 0b009501 10000 100 218826 2083030055 195443 194696
0b00df01 0b004601 10000 100 42954 2083280511 46167 46255
0b001701 0b002f01 10000 100 33175 2083372638 43540 38036
0b004801 0b005501 10000 100 40808 2083414161 43854 44450
0b008201 0b005f01 10001 100 3975 2083459756 30028 13356
0b00e101 0b006801 10000 100 257417 2083223146 275673 227285
0b008901 0b00a201 10000 100 26310783 2056632244 26966972 22216310
0b00c301 0b00cb01 10000 100 56047 2083648683 52663 52945
0b008f01 0b00fc01 10000 100 1925111 2082109330 1645819 1634832
0b007d01 0b009c01 10000 100 71898 2083739857 100894 70686
0b005101 0b008801 10000 100 4697019 2076491750 7370790 3974327
0b002201 0b00cf01 10000 100 3885004 2078020678 5862799 3288987
0b007a01 0b00a701 10000 100 15221 2083945225 22135 22880
0b004601 0b004401 10000 100 8407 2083980738 12151 12721
0b004501 0b006001 10000 100 9295 2084035440 24317 17876
0b00da01 0b004f01 10000 100 9403426 2074946134 9145141 7946516
0b00eb01 0b00bf01 10000 100 980039 2083284322 842720 837195
0b001c01 0b003e01 10000 100 53713 2084126733 55100 55346
0b00fe01 0b00de01 10000 100 70913 2084129674 69692 69854
0b007f01 0b00b501 10001 100 1714046 2082611298 1606590 1456696
0b00f701 0b00aa01 10000 100 6069 2084266630 14635 15163
0b002701 0b00ba01 10000 100 9400607 2076403093 8008870 7944129
0b00df01 0b005801 10000 100 79367 2084375876 77134 77013
0b005101 0b000001 10000 100 517472 2084064289 449289 446769
0b003801 0b00c401 10000 100 1752214 2082894189 1623889 1488903
0b001701 0b008001 10000 100 190232 2084435254 198257 170589
0b006801 0b00f601 10000 100 7964 2084623387 30329 16723
0b006701 0b00e101 10000 100 861 2084646075 10002 10732
0b00e501 0b006801 10000 100 662304 2082917775 1740665 569015
0b007401 0b009001 10000 100 20049 2084692090 26519 26963
0b008d01 0b00c301 10000 100 71161 2084756821 69959 70096
0b000e01 0b005601 10000 100 15161676 2067135894 17706563 12806468
0b001201 0b00b101 10000 100 18819418 2057020930 27843151 15893614
0b00ea01 0b003301 10000 100 105481 2084888654 143542 99048
0b003e01 0b008601 10000 100 27741 2084978555 56389 33424
0b004001 0b00f001 10000 100 22527 2085061317 29168 29033
0b001901 0b003901 10000 100 46892 2085143927 49376 49581
0b001801 0b000901 10000 100 1630432 2081805661 3477400 1386109
0b00bc01 0b003701 10000 100 427493 2084930142 372824 370826
0b005501 0b001c01 10000 100 7491 2085334818 16110 16344
0b009f01 0b003401 10000 100 2004 2085396124 11913 11735
0b005f01 0b004201 10000 100 6332 2085381762 33302 15373
0b00ba01 0b00b301 10000 100 26591 2085406314 27599 28060
0b004301 0b007801 10000 100 45832 2085418590 48460 48689
0b006b01 0b005801 10000 100 390714 2085220806 342038 339775
0b007601 0b00fe01 10000 100 574064 2084642963 984866 494551
0b003001 0b00b101 10000 100 56394 2085583025 57395 57623
0b00eb01 0b001201 10000 100 50212 2085752954 55717 52413
0b00cf01 0b00c201 10000 100 23133 2085960324 26868 25162
0b00f701 0b00ab01 10000 100 844039 2085307887 746043 722411
0b004d01 0b006f01 10001 100 7895702 2079356322 6756079 6673985
0b008901 0b006101 10000 100 7530455 2076264920 9853534 6365728
0b00e401 0b00da01 10000 100 41657 2086098725 49874 45173
0b000901 0b004001 10000 100 6202169 2078522442 7737457 5244667
0b002601 0b000101 10000 100 4652914 2082602849 3964593 3937063
0b00b901 0b007301 10000 100 1372186 2085445977 1175836 1168160
0b001a01 0b009501 10000 100 30360 2086651353 35268 35652
0b00ab01 0b005f01 10000 100 6917269 2070719654 16031837 5848207
0b002801 0b003301 10000 100 42209 2086727372 45450 45659
0b007301 0b001301 10000 100 9374 2086858240 17429 17939
0b006801 0b008301 10000 100 4552673 2081443204 5587141 3852470
0b006f01 0b005601 10000 100 1299331 2084683657 2487082 1106664
0b003101 0b000901 10000 100 3973434 2081204706 6041804 3363603
0b00b701 0b001401 10000 100 758617 2086676622 654284 650289
0b004501 0b004c01 10000 100 4489856 2081071011 6264235 3795044
0b000501 0b00bf01 10000 100 574404 2086887017 497703 494823
0b00c201 0b00e401 10000 100 7853886 2081019861 6702753 6638684
0b008401 0b008201 10000 100 1217919 2086752324 1040211 1033527
0b005401 0b00a301 10000 100 15284333 2068788860 19057276 12910006
0b00ae01 0b003401 10000 100 21944516 2064130834 23739726 18531192
0b006f01 0b007e01 10001 100 788 2087951272 9916 10674
0b006401 0b00e801 10000 100 4243878 2080909886 7223478 3591838
0b000e01 0b00d701 10000 100 9790119 2074639850 13714574 8272899
0b00f001 0b001f01 10000 100 4422 2088405376 12945 13757
0b00db01 0b00f101 10000 100 47573 2088600915 89889 50170
0b004f01 0b003901 10000 100 21091 2088797660 35729 27840
0b001c01 0b002b01 10000 100 4642204 2084950249 3955855 3928055
0b006101 0b00d001 10000 100 3475 2088925845 13047 12956
0b00d501 0b005701 10000 100 727714 2088382826 628001 624203
0b007d01 0b001e01 10000 100 63627 2088982775 67666 63717
0b00c201 0b008f01 10000 100 23839 2089166588 29900 30127
0b000701 0b004b01 10000 100 9553929 2070389787 18898369 8073519
0b002e01 0b00f201 10000 100 17012271 2074282123 15010696 14368388
0b003501 0b001e01 10000 100 24545 2089378063 31803 30736
0b007a01 0b005001 10000 100 50338 2089320161 94397 52514
0b007901 0b004c01 10000 100 12541807 2069207929 20285131 10595293
0b005401 0b00b601 10000 100 24362 2089597984 31709 30589
0b00f201 0b00c301 10000 100 835628 2088889093 743999 715286
0b006201 0b002d01 10000 100 220 2089972754 8831 10220
0b004301 0b004901 10000 100 1414677 2088845257 1207467 1199601
0b000f01 0b001a01 10000 100 38077 2089985084 74030 42177
0b00f101 0b007401 10000 100 50703 2089984792 79663 52806
0b00fc01 0b001c01 10000 100 78311 2090056215 76029 76124
0b006101 0b00bf01 10000 100 96602 2090077201 91561 91549
0b009d01 0b00f101 10000 100 29938207 2051843857 38393269 25277881
0b002201 0b00c301 10000 100 76302 2090254035 74049 74429
0b00ad01 0b003b01 10000 100 3588044 2087377240 3059523 3038351
0b007801 0b00ac01 10000 100 133872 2090321181 123227 122993
0b000e01 0b006701 10000 100 684741 2088954698 1571289 587932
0b00f701 0b000401 10000 100 25284 2090828050 30957 31371
0b00a701 0b009701 10000 100 4094 2090938675 12955 13495
0b006901 0b008901 10000 100 26315 2091016892 31960 32240
0b003701 0b002101 10000 100 9066 2091034791 17183 17692
0b00fd01 0b009501 10000 100 36232 2091015957 40265 40613
0b002f01 0b006501 10000 100 27388125 2067946979 23302697 23125616
0b004601 0b00b201 10000 100 20306 2091333536 26453 27168
0b00f601 0b00db01 10000 100 209286 2091206114 187545 186668
0b001901 0b008401 10000 100 11099 2091419475 19069 19407
0b001a01 0b00d701 10000 100 20869 2091572065 26903 27619
0b009f01 0b00e701 10001 100 2379887 2089589049 2032339 2018629
0b002601 0b00cb01 10000 100 26880 2091597038 32284 32692
0b00ab01 0b005001 10000 100 3902780 2087702258 4029856 3303956
0b00d001 0b008601 10000 100 20045214 2074698987 17081623 16928195
0b001a01 0b005701 10000 100 8370 2091982413 16576 17092
0b006801 0b008201 10000 100 3232758 2088957246 3077628 2738458
0b007c01 0b00ed01 10000 100 771821 2091473756 665487 661424
0b005201 0b002e01 10000 100 7734092 2084451156 7749289 6537613
0b005a01 0b000901 10000 100 3661334 2089258109 3121800 3100195
0b002401 0b003601 10000 100 2198670 2087869317 4662874 1865692
0b001601 0b000b01 10000 100 77326 2092929189 75191 75292
0b00fc01 0b008901 10000 100 136774 2093050525 125699 125447
0b004301 0b009c01 10000 100 185842 2093002212 277104 166857
0b006701 0b009401 10000 100 8747 2093506765 18098 17393
0b009801 0b00fc01 10000 100 401369 2093176962 350607 348783
0b00e201 0b00f101 10000 100 27424 2093607356 32769 33171
0b007601 0b003901 10000 100 4351224 2086292407 7405551 3682467
0b006101 0b005c01 10000 100 1713 2093876693 10628 11458
0b007f01 0b00b101 10000 100 141191 2094226230 147474 129200
0b00bf01 0b009e01 10000 100 2190 2094387795 11060 11884
0b00cf01 0b007401 10000 100 93757 2094245266 179068 89141
0b001a01 0b009001 10000 100 1167 2094581419 10463 11021
0b003401 0b00cd01 10000 100 5250 2094748370 13930 14464
0b001401 0b006f01 10000 100 1732083 2093313220 1481746 1471918
0b003701 0b005e01 10000 100 6813 2094962129 15293 15758
0b00bb01 0b003001 10000 100 21794 2095132771 45420 28403
0b007901 0b004b01 10000 100 9948352 2071333921 23862292 8406437
0b00fc01 0b009b01 10000 100 1041700 2094313630 894890 889208
0b000901 0b007501 10000 100 1613393 2093944742 1380997 1371730
0b006b01 0b004501 10000 100 9372 2095342309 17449 17937
0b008e01 0b001c01 10000 100 33083 2095332062 37596 37962
0b007401 0b000801 10000 100 25689 2095680334 33144 31695
0b00ea01 0b005f01 10000 100 19891029 2066395454 29323872 16798071
0b001a01 0b006001 10000 100 228156 2095548565 203387 202600
0b005001 0b005101 10000 100 21118 2096121274 40286 23462
0b008d01 0b007f01 10000 100 2332820 2094206484 2001282 1978908
0b00c301 0b001101 10000 100 955047 2095514113 821267 816101
0b000b01 0b001501 10000 100 1909313 2094877133 1632380 1621490
0b00d501 0b005301 10000 100 50712 2096492351 52549 52813
0b003e01 0b008b01 10000 100 9009098 2088910958 7667208 7613718
0b005301 0b002201 10000 100 21506 2096573562 27735 28172
0b001001 0b00a701 10000 100 2716083 2094306270 2318473 2302414
0b00b601 0b00ef01 10000 100 8780151 2088258925 8642073 7420484
0b00d101 0b006701 10000 100 9374501 2087796503 9200117 7922100
0b00ed01 0b007b01 10000 100 54739 2097097832 55971 56211
0b007c01 0b00e601 10000 100 38077 2097139679 41841 42177
0b005001 0b009001 10000 100 1719417 2095721946 1488994 1461213
0b00ae01 0b004b01 10000 100 8082882 2080349439 16893855 6831957
0b005201 0b000201 10000 100 6935921 2090823577 6589018 5863920
0b006a01 0b00ff01 10000 100 39224 2097576870 42809 43139
0b00b501 0b003801 10000 100 27224142 2074289885 23342062 22987213
0b007d01 0b00f401 10000 100 606217 2097336010 524753 521681
0b006201 0b005f01 10000 100 31242 2097845345 36023 36401
0b007101 0b00a801 10000 100 26926 2098396461 32321 32728
0b006701 0b00ae01 10000 100 30382 2098460890 35013 35669
0b006c01 0b000801 10000 100 1392139 2097324798 1192791 1185003
0b00a601 0b003601 10000 100 9900201 2086933181 11626219 8365804
0b004801 0b00af01 10000 100 49730 2098618668 51714 51984
0b000f01 0b007401 10000 100 13990229 2085651658 13041725 11817787
0b00c301 0b005101 10000 100 1488152 2097555766 1274383 1266037
0b008e01 0b007401 10000 100 398 2098952632 9076 10362
0b00c401 0b000501 10000 100 2940355 2096525934 2508880 2491688
0b00bb01 0b00b601 10000 100 8331926 2092617806 7368209 7037748
0b001201 0b006801 10000 100 29193722 2062034473 38188966 24649513
0b007601 0b001701 10000 100 28755231 2071593512 29316292 24279448
0b006401 0b009c01 10000 100 29867082 2075277523 30234573 25217857
0b001e01 0b00d901 10000 100 24298030 2085026066 20668620 20517580
