2084581934 95 0 1 1
2086680931 95 0 1 0
2088754179 134 1 12 1
2088758856 134 1 12 0
2088761733 134 1 12 1
2088774410 134 1 12 0
2088777629 134 1 12 1
2088796112 134 1 12 0
2088799022 134 1 12 1
2088817814 134 1 12 0
2088820922 134 1 12 1
2088845476 134 1 12 0
2088848595 134 1 12 1
2088887948 134 1 12 0
2088891496 134 1 12 1
2088912211 134 1 12 0
2088915528 134 1 12 1
2088935589 134 1 12 0
2088939008 134 1 12 1
2088958271 134 1 12 0
2088961192 134 1 12 1
2088978993 134 1 12 0
2088982123 134 1 12 1
2089004094 134 1 12 0
2089007642 134 1 12 1
2089033167 134 1 12 0
2089036055 134 1 12 1
2089053224 134 1 12 0
2089055870 134 1 12 1
2089077362 134 1 12 0
2089080426 134 1 12 1
2089095571 134 1 12 0
2089098250 134 1 12 1
2089117226 134 1 12 0
2089120345 134 1 12 1
2089145029 134 1 12 0
2089148126 134 1 12 1
2089165893 134 1 12 0
2089168759 134 1 12 1
2089187548 134 1 12 0
2089190227 134 1 12 1
2089212913 134 1 12 0
2089216230 134 1 12 1
2089235594 134 1 12 0
2089238900 134 1 12 1
2089259998 134 1 12 0
2089262908 134 1 12 1
2089285287 134 1 12 0
2089287735 134 1 12 1
2089319285 134 1 12 0
2089321931 134 1 12 1
2089349790 134 1 12 0
2089352238 134 1 12 1
2089373498 134 1 12 0
2089376595 134 1 12 1
2089396176 134 1 12 0
2089399240 134 1 12 1
2089422399 134 1 12 0
2089425507 134 1 12 1
2089444101 134 1 12 0
2089446956 134 1 12 1
2089466935 134 1 12 0
2089469812 134 1 12 1
2089487920 134 1 12 0
2089490860 134 1 12 1
2089507129 134 1 12 0
2089510237 134 1 12 1
2089527839 134 1 12 0
2089531365 134 1 12 1
2089548797 134 1 12 0
2089552114 134 1 12 1
2089567531 134 1 12 0
2089570449 134 1 12 1
2089589781 134 1 12 0
2089593087 134 1 12 1
2089609807 134 1 12 0
2089613113 134 1 12 1
2089629880 134 1 12 0
2089632735 134 1 12 1
2089646413 134 1 12 0
2089649268 134 1 12 1
2089665648 134 1 12 0
2089668745 134 1 12 1
2089683066 134 1 12 0
2089686174 134 1 12 1
2089702113 134 1 12 0
2089704990 134 1 12 1
2089717023 134 1 12 0
2089719482 134 1 12 1
2089732618 134 1 12 0
2089736055 134 1 12 1
2089754414 134 1 12 0
2089757313 134 1 12 1
2089774440 134 1 12 0
2089777757 134 1 12 1
2089799682 134 1 12 0
2089803010 134 1 12 1
2089817100 134 1 12 0
2089820218 134 1 12 1
2089837964 134 1 12 0
2089840841 134 1 12 1
2089858037 134 1 12 0
2089861010 134 1 12 1
2089878901 134 1 12 0
2089881569 134 1 12 1
2089899718 134 1 12 0
2089902155 134 1 12 1
2089916398 134 1 12 0
2089919066 134 1 12 1
2089935392 134 1 12 0
2089938709 134 1 12 1
2089957188 134 1 12 0
2089960065 134 1 12 1
2089981545 134 1 12 0
2089984235 134 1 12 1
2090014705 134 1 12 0
2090017175 134 1 12 1
2090052203 134 1 12 0
2090055080 134 1 12 1
2090096626 134 1 12 0
2090099272 134 1 12 1
2090116693 134 1 12 0
2090119339 134 1 12 1
2090136631 134 1 12 0
2090139299 134 1 12 1
2090160103 134 1 12 0
2090163409 134 1 12 1
2090181993 134 1 12 0
2090185079 134 1 12 1
2090201181 134 1 12 0
2090204069 134 1 12 1
2090222092 134 1 12 0
2090225145 134 1 12 1
2090243888 134 1 12 0
2090246787 134 1 12 1
2090267407 134 1 12 0
2090270702 134 1 12 1
2090288271 134 1 12 0
2090291577 134 1 12 1
2090309135 134 1 12 0
2090311572 134 1 12 1
2090329161 134 1 12 0
2090331796 134 1 12 1
2090349281 134 1 12 0
2090352191 134 1 12 1
2090368414 134 1 12 0
2090371060 134 1 12 1
2090387563 134 1 12 0
2090390451 134 1 12 1
2090404981 134 1 12 0
2090408045 134 1 12 1
2090424960 134 1 12 0
2090428893 134 1 12 1
2090445824 134 1 12 0
2090449141 134 1 12 1
2090462745 134 1 12 0
2090465864 134 1 12 1
2090480729 134 1 12 0
2090483837 134 1 12 1
2090499919 134 1 12 0
2090503247 134 1 12 1
2090516522 134 1 12 0
2090519249 134 1 12 1
2090533341 134 1 12 0
2090536572 134 1 12 1
2090554483 134 1 12 0
2090557822 134 1 12 1
2090575616 134 1 12 0
2090578482 134 1 12 1
2090593309 134 1 12 0
2090596293 134 1 12 1
2090612423 134 1 12 0
2090615718 134 1 12 1
2090630047 134 1 12 0
2090633094 134 1 12 1
2090646703 134 1 12 0
2090650031 134 1 12 1
2090667708 134 1 12 0
2090670794 134 1 12 1
2090693788 134 1 12 0
2090697608 134 1 12 1
2090713814 134 1 12 0
2090716889 134 1 12 1
2090730488 134 1 12 0
2090733387 134 1 12 1
2090746136 134 1 12 0
2090748782 134 1 12 1
2090767094 134 1 12 0
2090769971 134 1 12 1
2090785491 134 1 12 0
2090787939 134 1 12 1
2090810780 134 1 12 0
2090813646 134 1 12 1
2090834440 134 1 12 0
2090837317 134 1 12 1
2090858891 134 1 12 0
2090861328 134 1 12 1
2090876356 134 1 12 0
2090879847 134 1 12 1
2090894800 134 1 12 0
2090898084 134 1 12 1
2090912312 134 1 12 0
2090915629 134 1 12 1
2090931641 134 1 12 0
2090934914 134 1 12 1
2090950876 134 1 12 0
2090954215 134 1 12 1
2090966759 134 1 12 0
2090969834 134 1 12 1
2090987905 134 1 12 0
2090991013 134 1 12 1
2091008213 134 1 12 0
2091011310 134 1 12 1
2091029077 134 1 12 0
2091032185 134 1 12 1
2091049103 134 1 12 0
2091052246 134 1 12 1
2091067487 134 1 12 0
2091070353 134 1 12 1
2091084258 134 1 12 0
2091087146 134 1 12 1
2091097120 134 1 12 0
2091099777 134 1 12 1
2091121527 134 1 12 0
2091124173 134 1 12 1
2091138057 134 1 12 0
2091141352 134 1 12 1
2091151115 134 1 12 0
2091154201 134 1 12 1
2091163437 134 1 12 0
2091166941 134 1 12 1
2091177177 134 1 12 0
2091180241 134 1 12 1
2091190170 134 1 12 0
2091193465 134 1 12 1
2091205818 134 1 12 0
2091208453 134 1 12 1
2091218952 134 1 12 0
2091222343 134 1 12 1
2091230222 134 1 12 0
2091233308 134 1 12 1
2091246755 134 1 12 0
2091249390 134 1 12 1
2091261518 134 1 12 0
2091264813 134 1 12 1
2091277454 134 1 12 0
2091280540 134 1 12 1
2091294641 134 1 12 0
2091297565 134 1 12 1
2091314706 134 1 12 0
2091317781 134 1 12 1
2091328950 134 1 12 0
2091331920 134 1 12 1
2091345399 134 1 12 0
2091348186 134 1 12 1
2091360256 134 1 12 0
2091362902 134 1 12 1
2091376045 134 1 12 0
2091379131 134 1 12 1
2091391740 134 1 12 0
2091394606 134 1 12 1
2091410203 134 1 12 0
2091413487 134 1 12 1
2091424947 134 1 12 0
2091427504 134 1 12 1
2091440736 134 1 12 0
2091444228 134 1 12 1
2091466025 134 1 12 0
2091468891 134 1 12 1
2091482652 134 1 12 0
2091485320 134 1 12 1
2091502678 134 1 12 0
2091505771 134 1 12 1
2091519305 134 1 12 0
2091522380 134 1 12 1
2091539472 134 1 12 0
2091542591 134 1 12 1
2091556099 134 1 12 0
2091558756 134 1 12 1
2091577212 134 1 12 0
2091579649 134 1 12 1
2091605980 134 1 12 0
2091608857 134 1 12 1
2091624377 134 1 12 0
2091627276 134 1 12 1
2091638907 134 1 12 0
2091641564 134 1 12 1
2091657537 134 1 12 0
2091660183 134 1 12 1
2091679286 134 1 12 0
2091682593 134 1 12 1
2091699639 134 1 12 0
2091702912 134 1 12 1
2091716174 134 1 12 0
2091719029 134 1 12 1
2091732613 134 1 12 0
2091735248 134 1 12 1
2091748410 134 1 12 0
2091751496 134 1 12 1
2091766799 134 1 12 0
2091769566 134 1 12 1
2091781733 134 1 12 0
2091785039 134 1 12 1
2091796466 134 1 12 0
2091799794 134 1 12 1
2091814072 134 1 12 0
2091817785 134 1 12 1
2091829720 134 1 12 0
2091833235 134 1 12 1
2091848070 134 1 12 0
2091852014 134 1 12 1
2091869952 134 1 12 0
2091873225 134 1 12 1
2091886467 134 1 12 0
2091889829 134 1 12 1
2091899529 134 1 12 0
2091902835 134 1 12 1
2091915330 134 1 12 0
2091919043 134 1 12 1
2091929384 134 1 12 0
2091932703 134 1 12 1
2091942471 134 1 12 0
2091945777 134 1 12 1
2091955511 134 1 12 0
2091959873 134 1 12 1
2091966336 134 1 12 0
2091969675 134 1 12 1
2091974746 134 1 12 0
2091978239 134 1 12 1
2091983737 134 1 12 0
2091986897 134 1 12 1
2091995054 134 1 12 0
2091998580 134 1 12 1
2092007439 134 1 12 0
2092011106 134 1 12 1
2092023930 134 1 12 0
2092028743 134 1 12 1
2092039625 134 1 12 0
2092044427 134 1 12 1
2092057043 134 1 12 0
2092061625 134 1 12 1
2092071283 134 1 12 0
2092074578 134 1 12 1
2092082520 134 1 12 0
2092086266 134 1 12 1
2092095406 134 1 12 0
2092098921 134 1 12 1
2092106817 134 1 12 0
2092110970 134 1 12 1
2092117296 134 1 12 0
2092121606 134 1 12 1
2092127753 134 1 12 0
2092131235 134 1 12 1
2092137156 134 1 12 0
2092141914 134 1 12 1
2092148050 134 1 12 0
2092152181 134 1 12 1
2092158673 134 1 12 0
2092162782 134 1 12 1
2092170067 134 1 12 0
2092174034 134 1 12 1
2092182316 134 1 12 0
2092187096 134 1 12 1
2092193821 134 1 12 0
2092198058 134 1 12 1
2092202641 134 1 12 0
2092206794 134 1 12 1
2092212265 134 1 12 0
2092216627 134 1 12 1
2092226394 134 1 12 0
2092229898 134 1 12 1
2092239559 134 1 12 0
2092243074 134 1 12 1
2092252693 134 1 12 0
2092256197 134 1 12 1
2092266917 134 1 12 0
2092270003 134 1 12 1
2092278170 134 1 12 0
2092282224 134 1 12 1
2092292933 134 1 12 0
2092296239 134 1 12 1
2092305135 134 1 12 0
2092308628 134 1 12 1
2092319992 134 1 12 0
2092322877 134 1 12 1
2092334028 134 1 12 0
2092336454 134 1 12 1
2092346060 134 1 12 0
2092349157 134 1 12 1
2092359175 134 1 12 0
2092362041 134 1 12 1
2092373188 134 1 12 0
2092377132 134 1 12 1
2092391199 134 1 12 0
2092396012 134 1 12 1
2092406847 134 1 12 0
2092410706 134 1 12 1
2092420725 134 1 12 0
2092423371 134 1 12 1
2092432880 134 1 12 0
2092435977 134 1 12 1
2092446852 134 1 12 0
2092450336 134 1 12 1
2092464210 134 1 12 0
2092467065 134 1 12 1
2092479941 134 1 12 0
2092483995 134 1 12 1
2092491236 134 1 12 0
2092494091 134 1 12 1
2092505205 134 1 12 0
2092508951 134 1 12 1
2092519829 134 1 12 0
2092523555 134 1 12 1
2092536174 134 1 12 0
2092540182 134 1 12 1
2092550183 134 1 12 0
2092553316 134 1 12 1
2092562261 134 1 12 0
2092565182 134 1 12 1
2092575206 134 1 12 0
2092578325 134 1 12 1
2092585638 134 1 12 0
2092588328 134 1 12 1
2092595923 134 1 12 0
2092599680 134 1 12 1
2092608963 134 1 12 0
2092613058 134 1 12 1
2092625878 134 1 12 0
2092629382 134 1 12 1
2092640071 134 1 12 0
2092644246 134 1 12 1
2092654031 134 1 12 0
2092657117 134 1 12 1
2092667841 134 1 12 0
2092671356 134 1 12 1
2092680632 134 1 12 0
2092684158 134 1 12 1
2092694465 134 1 12 0
2092697562 134 1 12 1
2092709132 134 1 12 0
2092713296 134 1 12 1
2092721193 134 1 12 0
2092724301 134 1 12 1
2092734186 134 1 12 0
2092737701 134 1 12 1
2092751673 134 1 12 0
2092754990 134 1 12 1
2092766179 134 1 12 0
2092768616 134 1 12 1
2092779125 134 1 12 0
2092782272 134 1 12 1
2092794636 134 1 12 0
2092798105 134 1 12 1
2092812918 134 1 12 0
2092816411 134 1 12 1
2092830924 134 1 12 0
2092833597 134 1 12 1
2092845625 134 1 12 0
2092849065 134 1 12 1
2092863646 134 1 12 0
2092867161 134 1 12 1
2092886977 134 1 12 0
2092890261 134 1 12 1
2092912031 134 1 12 0
2092915241 134 1 12 1
2092926904 134 1 12 0
2092929979 134 1 12 1
2092944024 134 1 12 0
2092947770 134 1 12 1
2092961637 134 1 12 0
2092965361 134 1 12 1
2092978531 134 1 12 0
2092981533 134 1 12 1
2092995095 134 1 12 0
2092997961 134 1 12 1
2093007973 134 1 12 0
2093010581 134 1 12 1
2093020815 134 1 12 0
2093024065 134 1 12 1
2093034552 134 1 12 0
2093037558 134 1 12 1
2093051056 134 1 12 0
2093054220 134 1 12 1
2093065912 134 1 12 0
2093068580 134 1 12 1
2093082937 134 1 12 0
2093086130 134 1 12 1
2093096721 134 1 12 0
2093099840 134 1 12 1
2093113207 134 1 12 0
2093117393 134 1 12 1
2093130946 134 1 12 0
2093134505 134 1 12 1
2093147847 134 1 12 0
2093150977 134 1 12 1
2093160511 134 1 12 0
2093162959 134 1 12 1
2093173175 134 1 12 0
2093175844 134 1 12 1
2093185074 134 1 12 0
2093187940 134 1 12 1
2093202821 134 1 12 0
2093205698 134 1 12 1
2093218873 134 1 12 0
2093221970 134 1 12 1
2093234866 134 1 12 0
2093238645 134 1 12 1
2093253468 134 1 12 0
2093256565 134 1 12 1
2093267783 134 1 12 0
2093270870 134 1 12 1
2093283008 134 1 12 0
2093286157 134 1 12 1
2093297433 134 1 12 0
2093300973 134 1 12 1
2093315180 134 1 12 0
2093318477 134 1 12 1
2093329504 134 1 12 0
2093332854 134 1 12 1
2093344656 134 1 12 0
2093347291 134 1 12 1
2093358154 134 1 12 0
2093361218 134 1 12 1
2093370818 134 1 12 0
2093373777 134 1 12 1
2093384548 134 1 12 0
2093387656 134 1 12 1
2093398735 134 1 12 0
2093401612 134 1 12 1
2093412209 134 1 12 0
2093415212 134 1 12 1
2093427620 134 1 12 0
2093430706 134 1 12 1
2093439307 134 1 12 0
2093442426 134 1 12 1
2093451133 134 1 12 0
2093454263 134 1 12 1
2093467196 134 1 12 0
2093471173 134 1 12 1
2093481536 134 1 12 0
2093484391 134 1 12 1
2093495923 134 1 12 0
2093498789 134 1 12 1
2093508598 134 1 12 0
2093511673 134 1 12 1
2093522974 134 1 12 0
2093526104 134 1 12 1
2093538318 134 1 12 0
2093541459 134 1 12 1
2093552039 134 1 12 0
2093555455 134 1 12 1
2093565250 134 1 12 0
2093568298 134 1 12 1
2093577961 134 1 12 0
2093581849 134 1 12 1
2093593362 134 1 12 0
2093596481 134 1 12 1
2093605897 134 1 12 0
2093609453 134 1 12 1
2093619399 134 1 12 0
2093622668 134 1 12 1
2093632284 134 1 12 0
2093635601 134 1 12 1
2093643936 134 1 12 0
2093647180 134 1 12 1
2093657485 134 1 12 0
2093660604 134 1 12 1
2093670344 134 1 12 0
2093674618 134 1 12 1
2093683745 134 1 12 0
2093686655 134 1 12 1
2093694837 134 1 12 0
2093697978 134 1 12 1
2093705768 134 1 12 0
2093708667 134 1 12 1
2093717055 134 1 12 0
2093719921 134 1 12 1
2093729483 134 1 12 0
2093732800 134 1 12 1
2093743979 134 1 12 0
2093747738 134 1 12 1
2093757450 134 1 12 0
2093760756 134 1 12 1
2093769633 134 1 12 0
2093773401 134 1 12 1
2093782081 134 1 12 0
2093785231 134 1 12 1
2093795946 134 1 12 0
2093799769 134 1 12 1
2093810064 134 1 12 0
2093812985 134 1 12 1
2093826268 134 1 12 0
2093830146 134 1 12 1
2093844986 134 1 12 0
2093849401 134 1 12 1
2093866315 134 1 12 0
2093870231 134 1 12 1
2093889408 134 1 12 0
2093892591 134 1 12 1
2093928614 134 1 12 0
2093934142 134 1 12 1
2093951672 134 1 12 0
2093955715 134 1 12 1
2093974618 134 1 12 0
2093978667 134 1 12 1
2093996735 134 1 12 0
2094000047 134 1 12 1
2094018014 134 1 12 0
2094021177 134 1 12 1
2094041072 134 1 12 0
2094043971 134 1 12 1
2094064668 134 1 12 0
2094067643 134 1 12 1
2094101060 134 1 12 0
2094104203 134 1 12 1
2094119561 134 1 12 0
2094122691 134 1 12 1
2094138185 134 1 12 0
2094141513 134 1 12 1
2094149079 134 1 12 0
2094151923 134 1 12 1
2094167031 134 1 12 0
2094170139 134 1 12 1
2094183813 134 1 12 0
2094186874 134 1 12 1
2094202390 134 1 12 0
2094205564 134 1 12 1
2094220222 134 1 12 0
2094223535 134 1 12 1
2094231955 134 1 12 0
2094235587 134 1 12 1
2094250631 134 1 12 0
2094253920 134 1 12 1
2094268511 134 1 12 0
2094271652 134 1 12 1
2094289593 134 1 12 0
2094293830 134 1 12 1
2094317715 134 1 12 0
2094321725 134 1 12 1
2094342415 134 1 12 0
2094347052 134 1 12 1
2094364687 134 1 12 0
2094368235 134 1 12 1
2094385098 134 1 12 0
2094388702 134 1 12 1
2094407356 134 1 12 0
2094410475 134 1 12 1
2094427053 134 1 12 0
2094431018 134 1 12 1
2094448426 134 1 12 0
2094451721 134 1 12 1
2094469752 134 1 12 0
2094473569 134 1 12 1
2094490221 134 1 12 0
2094493681 134 1 12 1
2094511680 134 1 12 0
2094515070 134 1 12 1
2094533905 134 1 12 0
2094537654 134 1 12 1
2094556004 134 1 12 0
2094559761 134 1 12 1
2094581675 134 1 12 0
2094584541 134 1 12 1
2094603662 134 1 12 0
2094606825 134 1 12 1
2094628275 134 1 12 0
2094631152 134 1 12 1
2094651169 134 1 12 0
2094654025 134 1 12 1
2094664772 134 1 12 0
2094667518 134 1 12 1
2094680772 134 1 12 0
2094683858 134 1 12 1
2094699443 134 1 12 0
2094702526 134 1 12 1
2094721560 134 1 12 0
2094726373 134 1 12 1
2094735025 134 1 12 0
2094738331 134 1 12 1
2094749449 134 1 12 0
2094753501 134 1 12 1
2094767420 134 1 12 0
2094772013 134 1 12 1
2094784368 134 1 12 0
2094788541 134 1 12 1
2094798092 134 1 12 0
2094801854 134 1 12 1
2094811107 134 1 12 0
2094814842 134 1 12 1
2094821569 134 1 12 0
2094825106 134 1 12 1
2094834327 134 1 12 0
2094838282 134 1 12 1
2094846371 134 1 12 0
2094849691 134 1 12 1
2094857151 134 1 12 0
2094860586 134 1 12 1
2094871722 134 1 12 0
2094875063 134 1 12 1
2094885138 134 1 12 0
2094889093 134 1 12 1
2094898673 134 1 12 0
2094903299 134 1 12 1
2094914565 134 1 12 0
2094918762 134 1 12 1
2094924639 134 1 12 0
2094928399 134 1 12 1
2094938494 134 1 12 0
2094942449 134 1 12 1
2094949928 134 1 12 0
2094952772 134 1 12 1
2094961343 134 1 12 0
2094964835 134 1 12 1
2094978432 134 1 12 0
2094982882 134 1 12 1
2094987892 134 1 12 0
2094990952 134 1 12 1
2095010902 134 1 12 0
2095013790 134 1 12 1
2095025971 134 1 12 0
2095029783 134 1 12 1
2095042919 134 1 12 0
2095046800 134 1 12 1
2095061703 134 1 12 0
2095064706 134 1 12 1
2095076872 134 1 12 0
2095080189 134 1 12 1
2095092142 134 1 12 0
2095095250 134 1 12 1
2095108393 134 1 12 0
2095111449 134 1 12 1
2095119185 134 1 12 0
2095121611 134 1 12 1
2095132393 134 1 12 0
2095135721 134 1 12 1
2095149953 134 1 12 0
2095153083 134 1 12 1
2095165886 134 1 12 0
2095169456 134 1 12 1
2095183180 134 1 12 0
2095186101 134 1 12 1
2095201139 134 1 12 0
2095204742 134 1 12 1
2095219385 134 1 12 0
2095222537 134 1 12 1
2095243101 134 1 12 0
2095247057 134 1 12 1
2095263478 134 1 12 0
2095266104 134 1 12 1
2095277912 134 1 12 0
2095281961 134 1 12 1
2095297673 134 1 12 0
2095300846 134 1 12 1
2095316354 134 1 12 0
2095319354 134 1 12 1
2095333512 134 1 12 0
2095336426 134 1 12 1
2095350411 134 1 12 0
2095353519 134 1 12 1
2095367189 134 1 12 0
2095371001 134 1 12 1
2095385624 134 1 12 0
2095389210 134 1 12 1
2095400943 134 1 12 0
2095403842 134 1 12 1
2095416394 134 1 12 0
2095419485 134 1 12 1
2095432786 134 1 12 0
2095436576 134 1 12 1
2095449253 134 1 12 0
2095451899 134 1 12 1
2095459227 134 1 12 0
2095461939 134 1 12 1
2095472117 134 1 12 0
2095475307 134 1 12 1
2095487029 134 1 12 0
2095490159 134 1 12 1
2095502162 134 1 12 0
2095505472 134 1 12 1
2095519711 134 1 12 0
2095523655 134 1 12 1
2095540661 134 1 12 0
2095544011 134 1 12 1
2095556681 134 1 12 0
2095559789 134 1 12 1
2095575019 134 1 12 0
2095577710 134 1 12 1
2095589265 134 1 12 0
2095591702 134 1 12 1
2095611053 134 1 12 0
2095613952 134 1 12 1
2095637031 134 1 12 0
2095640601 134 1 12 1
2095668941 134 1 12 0
2095672885 134 1 12 1
2095698801 134 1 12 0
2095702051 134 1 12 1
2095713289 134 1 12 0
2095716287 134 1 12 1
2095739406 134 1 12 0
2095743155 134 1 12 1
2095760174 134 1 12 0
2095764233 134 1 12 1
2095779448 134 1 12 0
2095782732 134 1 12 1
2095795491 134 1 12 0
2095799325 134 1 12 1
2095812968 134 1 12 0
2095816736 134 1 12 1
2095831879 134 1 12 0
2095835669 134 1 12 1
2095848164 134 1 12 0
2095851294 134 1 12 1
2095864086 134 1 12 0
2095867072 134 1 12 1
2095878332 134 1 12 0
2095881241 134 1 12 1
2095894314 134 1 12 0
2095897380 134 1 12 1
2095908706 134 1 12 0
2095911985 134 1 12 1
2095923721 134 1 12 0
2095926829 134 1 12 1
2095939651 134 1 12 0
2095942737 134 1 12 1
2095957540 134 1 12 0
2095960670 134 1 12 1
2095973650 134 1 12 0
2095976285 134 1 12 1
2095999472 134 1 12 0
2096002613 134 1 12 1
2096020554 134 1 12 0
2096024366 134 1 12 1
2096034619 134 1 12 0
2096037848 134 1 12 1
2096048233 134 1 12 0
2096050923 134 1 12 1
2096062554 134 1 12 0
2096065368 134 1 12 1
2096077758 134 1 12 0
2096081298 134 1 12 1
2096093388 134 1 12 0
2096096980 134 1 12 1
2096105849 134 1 12 0
2096108539 134 1 12 1
2096117581 134 1 12 0
2096120942 134 1 12 1
2096131114 134 1 12 0
2096134024 134 1 12 1
2096141883 134 1 12 0
2096144804 134 1 12 1
2096157805 134 1 12 0
2096163245 134 1 12 1
2096171589 134 1 12 0
2096175005 134 1 12 1
2096185726 134 1 12 0
2096189714 134 1 12 1
2096197998 134 1 12 0
2096201028 134 1 12 1
2096208618 134 1 12 0
2096213178 134 1 12 1
2096221799 134 1 12 0
2096225457 134 1 12 1
2096233109 134 1 12 0
2096237438 134 1 12 1
2096244877 134 1 12 0
2096248755 134 1 12 1
2096259760 134 1 12 0
2096263847 134 1 12 1
2096280595 134 1 12 0
2096284391 134 1 12 1
2096294996 134 1 12 0
2096298181 134 1 12 1
2096309282 134 1 12 0
2096312258 134 1 12 1
2096321470 134 1 12 0
2096325392 134 1 12 1
2096339081 134 1 12 0
2096342860 134 1 12 1
2096352249 134 1 12 0
2096355214 134 1 12 1
2096372382 134 1 12 0
2096375523 134 1 12 1
2096394021 134 1 12 0
2096398141 134 1 12 1
2096415559 134 1 12 0
2096420417 134 1 12 1
2096432092 134 1 12 0
2096436028 134 1 12 1
2096447881 134 1 12 0
2096451154 134 1 12 1
2096463529 134 1 12 0
2096467718 134 1 12 1
2096478339 134 1 12 0
2096481776 134 1 12 1
2096491584 134 1 12 0
2096494872 134 1 12 1
2096506095 134 1 12 0
2096509368 134 1 12 1
2096522628 134 1 12 0
2096526836 134 1 12 1
2096536619 134 1 12 0
2096539892 134 1 12 1
2096548090 134 1 12 0
2096551368 134 1 12 1
2096563659 134 1 12 0
2096566877 134 1 12 1
2096574694 134 1 12 0
2096577228 134 1 12 1
2096586248 134 1 12 0
2096589887 134 1 12 1
2096603753 134 1 12 0
2096607548 134 1 12 1
2096628068 134 1 12 0
2096631451 134 1 12 1
2096646606 134 1 12 0
2096650187 134 1 12 1
2096661604 134 1 12 0
2096664728 134 1 12 1
2096675952 134 1 12 0
2096679580 134 1 12 1
2096691176 134 1 12 0
2096694622 134 1 12 1
2096706786 134 1 12 0
2096710213 134 1 12 1
2096720867 134 1 12 0
2096723357 134 1 12 1
2096732075 134 1 12 0
2096735678 134 1 12 1
2096745981 134 1 12 0
2096749265 134 1 12 1
2096761263 134 1 12 0
2096765041 134 1 12 1
2096778275 134 1 12 0
2096781394 134 1 12 1
2096796990 134 1 12 0
2096799856 134 1 12 1
2096814092 134 1 12 0
2096816573 134 1 12 1
2096833504 134 1 12 0
2096836392 134 1 12 1
2096850881 134 1 12 0
2096853859 134 1 12 1
2096869140 134 1 12 0
2096872050 134 1 12 1
2096892659 134 1 12 0
2096895745 134 1 12 1
2096911988 134 1 12 0
2096915196 134 1 12 1
2096925913 134 1 12 0
2096928592 134 1 12 1
2096944404 134 1 12 0
2096947523 134 1 12 1
2096962338 134 1 12 0
2096965919 134 1 12 1
2096976927 134 1 12 0
2096980486 134 1 12 1
2096992383 134 1 12 0
2096996371 134 1 12 1
2097009562 134 1 12 0
2097012970 134 1 12 1
2097026325 134 1 12 0
2097029466 134 1 12 1
2097041814 134 1 12 0
2097044504 134 1 12 1
2097056420 134 1 12 0
2097059596 134 1 12 1
2097072270 134 1 12 0
2097075392 134 1 12 1
2097089575 134 1 12 0
2097092723 134 1 12 1
2097105859 134 1 12 0
2097109231 134 1 12 1
2097125296 134 1 12 0
2097127744 134 1 12 1
2097144050 134 1 12 0
2097149089 134 1 12 1
2097163252 134 1 12 0
2097166789 134 1 12 1
2097179790 134 1 12 0
2097183514 134 1 12 1
2097197255 134 1 12 0
2097200583 134 1 12 1
2097212112 134 1 12 0
2097215231 134 1 12 1
2097231629 134 1 12 0
2097235397 134 1 12 1
2097246793 134 1 12 0
2097249890 134 1 12 1
2097265071 134 1 12 0
2097268828 134 1 12 1
2097280719 134 1 12 0
2097283651 134 1 12 1
2097298090 134 1 12 0
2097301475 134 1 12 1
2097322032 134 1 12 0
2097326031 134 1 12 1
2097341173 134 1 12 0
2097344343 134 1 12 1
2097362922 134 1 12 0
2097365896 134 1 12 1
2097380520 134 1 12 0
2097383397 134 1 12 1
2097401470 134 1 12 0
2097404369 134 1 12 1
2097422409 134 1 12 0
2097424857 134 1 12 1
2097424982 134 1 12 0
2097425640 134 1 12 1
2097448724 134 1 12 0
2097452470 134 1 12 1
2097474376 134 1 12 0
2097476662 134 1 12 1
2097491136 134 1 12 0
2097494119 134 1 12 1
2097513879 134 1 12 0
2097517419 134 1 12 1
2097537337 134 1 12 0
2097540638 134 1 12 1
2097556615 134 1 12 0
2097559946 134 1 12 1
2097581943 134 1 12 0
2097585271 134 1 12 1
2097602087 134 1 12 0
2097605646 134 1 12 1
2097627897 134 1 12 0
2097631663 134 1 12 1
2097650356 134 1 12 0
2097654113 134 1 12 1
2097677602 134 1 12 0
2097680620 134 1 12 1
2097697323 134 1 12 0
2097701023 134 1 12 1
2097717396 134 1 12 0
2097720272 134 1 12 1
2097740175 134 1 12 0
2097743558 134 1 12 1
2097758483 134 1 12 0
2097761406 134 1 12 1
2097778729 134 1 12 0
2097781826 134 1 12 1
2097794659 134 1 12 0
2097797756 134 1 12 1
2097814369 134 1 12 0
2097817544 134 1 12 1
2097835637 134 1 12 0
2097838954 134 1 12 1
2097853990 134 1 12 0
2097857262 134 1 12 1
2097872435 134 1 12 0
2097875290 134 1 12 1
2097890065 134 1 12 0
2097892502 134 1 12 1
2097902676 134 1 12 0
2097905805 134 1 12 1
2097919354 134 1 12 0
2097922682 134 1 12 1
2097936952 134 1 12 0
2097940291 134 1 12 1
2097953712 134 1 12 0
2097956975 134 1 12 1
2097971310 134 1 12 0
2097974616 134 1 12 1
2097988070 134 1 12 0
2097991387 134 1 12 1
2097991479 134 1 12 0
2097992025 134 1 12 1
2098005693 134 1 12 0
2098008876 134 1 12 1
2098021590 134 1 12 0
2098024896 134 1 12 1
2098035379 134 1 12 0
2098038791 134 1 12 1
2098051155 134 1 12 0
2098054860 134 1 12 1
2098067680 134 1 12 0
2098070925 134 1 12 1
2098071032 134 1 12 0
2098071810 134 1 12 1
2098086116 134 1 12 0
2098090055 134 1 12 1
2098102876 134 1 12 0
2098106190 134 1 12 1
2098117960 134 1 12 0
2098121266 134 1 12 1
2098132206 134 1 12 0
2098135534 134 1 12 1
2098148128 134 1 12 0
2098151314 134 1 12 1
2098160698 134 1 12 0
2098164612 134 1 12 1
2098176205 134 1 12 0
2098179291 134 1 12 1
2098190036 134 1 12 0
2098193981 134 1 12 1
2098211206 134 1 12 0
2098215219 134 1 12 1
2098224778 134 1 12 0
2098228085 134 1 12 1
2098240426 134 1 12 0
2098244150 134 1 12 1
2098255839 134 1 12 0
2098258925 134 1 12 1
2098270088 134 1 12 0
2098274280 134 1 12 1
2098285284 134 1 12 0
2098289199 134 1 12 1
2098299415 134 1 12 0
2098302501 134 1 12 1
2098315353 134 1 12 0
2098318241 134 1 12 1
2098331364 134 1 12 0
2098334415 134 1 12 1
2098347627 134 1 12 0
2098351604 134 1 12 1
2098364227 134 1 12 0
2098367369 134 1 12 1
2098382377 134 1 12 0
2098385452 134 1 12 1
2098397632 134 1 12 0
2098400289 134 1 12 1
2098415159 134 1 12 0
2098418883 134 1 12 1
2098434003 134 1 12 0
2098437496 134 1 12 1
2098448748 134 1 12 0
2098451891 134 1 12 1
2098463834 134 1 12 0
2098466914 134 1 12 1
2098478104 134 1 12 0
2098481278 134 1 12 1
2098493873 134 1 12 0
2098496814 134 1 12 1
2098509780 134 1 12 0
2098512855 134 1 12 1
2098526513 134 1 12 0
2098529792 134 1 12 1
2098542600 134 1 12 0
2098546735 134 1 12 1
2098563433 134 1 12 0
2098566399 134 1 12 1
2098582705 134 1 12 0
2098585833 134 1 12 1
2098598596 134 1 12 0
2098601685 134 1 12 1
2098618693 134 1 12 0
2098621681 134 1 12 1
2098639643 134 1 12 0
2098642353 134 1 12 1
2098655570 134 1 12 0
2098658534 134 1 12 1
2098673163 134 1 12 0
2098676281 134 1 12 1
2098691631 134 1 12 0
2098694866 134 1 12 1
2098714225 134 1 12 0
2098717311 134 1 12 1
2098735222 134 1 12 0
2098738517 134 1 12 1
2098758086 134 1 12 0
2098761627 134 1 12 1
2098780302 134 1 12 0
2098783790 134 1 12 1
2098815498 134 1 12 0
2098817939 134 1 12 1
2098836567 146 1 7 1
2098843152 134 1 12 0
2098845820 134 1 12 1
2098898776 134 1 12 0
2098901642 134 1 12 1
2098930862 134 1 12 0
2098934680 134 1 12 1
2098957689 134 1 12 0
2098960662 134 1 12 1
2098980262 134 1 12 0
2098983068 134 1 12 1
2099002787 134 1 12 0
2099006082 134 1 12 1
2099024426 134 1 12 0
2099027952 134 1 12 1
2099044491 134 1 12 0
2099047566 134 1 12 1
2099064799 134 1 12 0
2099067697 134 1 12 1
2099082397 134 1 12 0
2099085703 134 1 12 1
2099102693 134 1 12 0
2099106879 134 1 12 1
2099123459 134 1 12 0
2099126765 134 1 12 1
2099142005 134 1 12 0
2099145546 134 1 12 1
2099158820 134 1 12 0
2099161763 134 1 12 1
2099169733 134 1 12 0
2099172362 134 1 12 1
2099187331 134 1 12 0
2099190417 134 1 12 1
2099204076 134 1 12 0
2099207173 134 1 12 1
2099220667 134 1 12 0
2099223984 134 1 12 1
2099238265 134 1 12 0
2099241172 134 1 12 1
2099255209 134 1 12 0
2099258053 134 1 12 1
2099273461 134 1 12 0
2099276859 134 1 12 1
2099293671 134 1 12 0
2099297593 134 1 12 1
2099315459 134 1 12 0
2099318534 134 1 12 1
2099340599 134 1 12 0
2099343879 134 1 12 1
2099358099 134 1 12 0
2099360543 134 1 12 1
2099375739 134 1 12 0
2099378761 134 1 12 1
2099396647 134 1 12 0
2099400569 134 1 12 1
2099416019 134 1 12 0
2099420150 134 1 12 1
2099442737 134 1 12 0
2099446879 134 1 12 1
2099460335 134 1 12 0
2099464048 134 1 12 1
2099475435 134 1 12 0
2099478521 134 1 12 1
2099493120 134 1 12 0
2099496657 134 1 12 1
2099510615 134 1 12 0
2099513893 134 1 12 1
2099525046 134 1 12 0
2099527692 134 1 12 1
2099541719 134 1 12 0
2099544868 134 1 12 1
2099560850 134 1 12 0
2099564156 134 1 12 1
2099575979 134 1 12 0
2099579923 134 1 12 1
2099603827 134 1 12 0
2099608453 134 1 12 1
2099624583 134 1 12 0
2099628614 134 1 12 1
2099640505 134 1 12 0
2099643955 134 1 12 1
2099657171 144 1 7 1
2099658103 134 1 12 0
2099661263 144 1 7 0
2099661526 134 1 12 1
2099666878 144 1 7 1
2099672355 134 1 12 0
2099675661 134 1 12 1
2099675937 144 1 7 0
2099679832 144 1 7 1
2099685757 134 1 12 0
2099688601 134 1 12 1
2099704245 134 1 12 0
2099707771 134 1 12 1
2099708278 144 1 7 0
2099711166 144 1 7 1
2099720213 134 1 12 0
2099723334 134 1 12 1
2099742741 134 1 12 0
2099746685 134 1 12 1
2099747412 144 1 7 0
2099750113 144 1 7 1
2099760339 134 1 12 0
2099764063 134 1 12 1
2099778159 134 1 12 0
2099781419 134 1 12 1
2099781972 144 1 7 0
2099785113 144 1 7 1
2099793957 134 1 12 0
2099797093 134 1 12 1
2099810619 134 1 12 0
2099814145 134 1 12 1
2099814630 144 1 7 0
2099817518 144 1 7 1
2099833343 134 1 12 0
2099836660 134 1 12 1
2099849308 134 1 12 0
2099852550 134 1 12 1
2099866765 134 1 12 0
2099869511 144 1 7 0
2099870193 134 1 12 1
2099873738 144 1 7 1
2099884886 134 1 12 0
2099887543 134 1 12 1
2099899768 134 1 12 0
2099902425 134 1 12 1
2099912143 134 1 12 0
2099914569 134 1 12 1
2099915551 144 1 7 0
2099918287 144 1 7 1
2099929807 134 1 12 0
2099932871 134 1 12 1
2099949081 134 1 12 0
2099952805 134 1 12 1
2099971723 134 1 12 0
2099974609 82 0 1 1
2099975249 134 1 12 1
2099990959 134 1 12 0
2099994542 134 1 12 1
20999954