2093910969 133 1 15 1
2093912401 133 1 15 0
2093913047 133 1 15 1
2093915150 133 1 15 0
2093917210 133 1 15 1
2093920525 133 1 15 0
2093921831 133 1 15 1
2093923976 133 1 15 0
2093926037 133 1 15 1
2093926882 133 1 15 0
2093927722 133 1 15 1
2093930072 133 1 15 0
2093936334 133 1 15 1
2093937525 133 1 15 0
2093948921 133 1 15 1
2093952119 133 1 15 0
2093953040 133 1 15 1
2093955917 133 1 15 0
2093959057 133 1 15 1
2093959639 133 1 15 0
2093962854 133 1 15 1
2093966302 133 1 15 0
2093967179 133 1 15 1
2093968275 133 1 15 0
2093968712 133 1 15 1
2093969704 133 1 15 0
2093970419 133 1 15 1
2093973030 133 1 15 0
2093986608 133 1 15 1
2093987404 133 1 15 0
2093988776 133 1 15 1
2093989421 133 1 15 0
2093990067 133 1 15 1
2093990570 133 1 15 0
2093993081 133 1 15 1
2093993922 133 1 15 0
2094133620 133 1 15 1
2094134323 133 1 15 0
2094136493 133 1 15 1
2094137561 133 1 15 0
2094143494 133 1 15 1
2094145181 133 1 15 0
2094147019 133 1 15 1
2094149407 133 1 15 0
2094152250 133 1 15 1
2094153953 133 1 15 0
2094163269 133 1 15 1
2094165621 133 1 15 0
2094166509 133 1 15 1
2094167843 133 1 15 0
2094171687 133 1 15 1
2094173351 133 1 15 0
2094182523 133 1 15 1
2094183620 133 1 15 0
2094196265 133 1 15 1
2094197173 133 1 15 0
2094197819 133 1 15 1
2094198914 133 1 15 0
2094199780 133 1 15 1
2094200525 133 1 15 0
2094208744 133 1 15 1
2094210581 133 1 15 0
2094224194 133 1 15 1
2094225665 133 1 15 0
2094227295 133 1 15 1
2094229855 133 1 15 0
2094232170 133 1 15 1
2094234217 133 1 15 0
2094235592 133 1 15 1
2094238235 133 1 15 0
2094239112 133 1 15 1
2094243416 133 1 15 0
2094248177 133 1 15 1
2094249967 133 1 15 0
2094251251 133 1 15 1
2094251729 133 1 15 0
2094270842 133 1 15 1
2094271307 133 1 15 0
2094275808 133 1 15 1
2094280135 133 1 15 0
2094284852 133 1 15 1
2094286001 133 1 15 0
2094290330 133 1 15 1
2094292091 133 1 15 0
2094295078 133 1 15 1
2094296003 133 1 15 0
2094300664 133 1 15 1
2094301830 133 1 15 0
2094308268 133 1 15 1
2094310319 133 1 15 0
2094310778 133 1 15 1
2094313655 133 1 15 0
2094314312 133 1 15 1
2094317845 133 1 15 0
2094318271 133 1 15 1
2094319521 133 1 15 0
2094319958 133 1 15 1
2094322035 133 1 15 0
2094326695 133 1 15 1
2094329108 133 1 15 0
2094330172 133 1 15 1
2094331432 133 1 15 0
2094331916 133 1 15 1
2094332091 133 1 15 0
2094334196 133 1 15 1
2094335526 133 1 15 0
2094338237 133 1 15 1
2094339633 133 1 15 0
2094342009 133 1 15 1
2094343940 133 1 15 0
2094344575 133 1 15 1
2094345923 133 1 15 0
2094346789 133 1 15 1
2094348013 133 1 15 0
2094348778 133 1 15 1
2094350527 133 1 15 0
2094358713 133 1 15 1
2094360583 133 1 15 0
2094363776 133 1 15 1
2094368125 133 1 15 0
2094368956 133 1 15 1
2094370639 133 1 15 0
2094371912 133 1 15 1
2094376505 133 1 15 0
2094379538 133 1 15 1
2094382371 133 1 15 0
2094383446 133 1 15 1
2094384651 133 1 15 0
2094393913 133 1 15 1
2094394941 133 1 15 0
2094395378 133 1 15 1
2094399969 133 1 15 0
2094400765 133 1 15 1
2094402483 133 1 15 0
2094408958 133 1 15 1
2094412734 133 1 15 0
2094413809 133 1 15 1
2094415106 133 1 15 0
2094415774 133 1 15 1
2094416782 133 1 15 0
2094418988 133 1 15 1
2094423433 133 1 15 0
2094425242 133 1 15 1
2094428461 133 1 15 0
2094428898 133 1 15 1
2094430820 133 1 15 0
2094432357 133 1 15 1
2094433489 133 1 15 0
2094433926 133 1 15 1
2094434833 133 1 15 0
2094435511 133 1 15 1
2094436089 133 1 15 0
2094437775 133 1 15 1
2094439908 133 1 15 0
2094441800 133 1 15 1
2094443545 133 1 15 0
2094444631 133 1 15 1
2094446059 133 1 15 0
2094469138 133 1 15 1
2094469523 133 1 15 0
2094470878 133 1 15 1
2094472037 133 1 15 0
2094475826 133 1 15 1
2094477065 133 1 15 0
2094480889 133 1 15 1
2094482218 133 1 15 0
2094482655 133 1 15 1
2094483861 133 1 15 0
2094484309 133 1 15 1
2094486283 133 1 15 0
2094486929 133 1 15 1
2094487448 133 1 15 0
2094487874 133 1 15 1
2094489635 133 1 15 0
2094490303 133 1 15 1
2094497177 133 1 15 0
2094499781 133 1 15 1
2094502205 133 1 15 0
2094503291 133 1 15 1
2094508100 133 1 15 0
2094509373 133 1 15 1
2094512261 133 1 15 0
2094513534 133 1 15 1
2094516451 133 1 15 0
2094517108 133 1 15 1
2094521479 133 1 15 0
2094