2096200257 132 0 1 1
2096474331 132 0 1 0
2096493754 132 0 1 1
2097486819 132 0 1 0
2098213441 260 1 9 1
2098218806 260 1 9 0
2098222634 260 1 9 1
2098228295 260 1 9 0
2098232546 260 1 9 1
2098239148 260 1 9 0
2098243315 260 1 9 1
2098250718 260 1 9 0
2098254762 260 1 9 1
2098260011 260 1 9 0
2098262887 260 1 9 1
2098267142 260 1 9 0
2098269392 260 1 9 1
2098275519 260 1 9 0
2098279585 260 1 9 1
2098287213 260 1 9 0
2098291937 260 1 9 1
2098299536 260 1 9 0
2098302972 260 1 9 1
2098312118 260 1 9 0
2098315484 260 1 9 1
2098325298 260 1 9 0
2098328230 260 1 9 1
2098337866 260 1 9 0
2098341946 260 1 9 1
2098348584 260 1 9 0
2098351950 260 1 9 1
2098361424 260 1 9 0
2098363978 260 1 9 1
2098368779 260 1 9 0
2098371767 260 1 9 1
2098376227 260 1 9 0
2098379504 260 1 9 1
2098388417 260 1 9 0
2098393253 260 1 9 1
2098398932 260 1 9 0
2098401879 260 1 9 1
2098402193 260 1 9 0
2098402592 260 1 9 1
2098410961 260 1 9 0
2098414593 260 1 9 1
2098423472 260 1 9 0
2098428558 260 1 9 1
2098435450 260 1 9 0
2098439866 260 1 9 1
2098446148 260 1 9 0
2098450080 260 1 9 1
2098455733 260 1 9 0
2098458525 260 1 9 1
2098462320 260 1 9 0
2098465966 260 1 9 1
2098474251 260 1 9 0
2098481071 260 1 9 1
2098487679 260 1 9 0
2098492684 260 1 9 1
2098497127 260 1 9 0
2098500249 260 1 9 1
2098500358 260 1 9 0
2098501789 260 1 9 1
2098505858 260 1 9 0
2098511268 260 1 9 1
2098517947 260 1 9 0
2098524757 260 1 9 1
2098529704 260 1 9 0
2098533107 260 1 9 1
2098536004 260 1 9 0
2098540350 260 1 9 1
2098545352 260 1 9 0
2098550566 260 1 9 1
2098554670 260 1 9 0
2098560970 260 1 9 1
2098566212 260 1 9 0
2098571916 260 1 9 1
2098575161 260 1 9 0
2098580827 260 1 9 1
2098585741 260 1 9 0
2098590899 260 1 9 1
2098595507 260 1 9 0
2098601043 260 1 9 1
2098604621 260 1 9 0
2098609627 260 1 9 1
2098614127 260 1 9 0
2098619005 260 1 9 1
2098623127 260 1 9 0
2098632038 260 1 9 1
2098636758 260 1 9 0
2098644727 260 1 9 1
2098648610 260 1 9 0
2098655980 260 1 9 1
2098659798 260 1 9 0
2098666025 260 1 9 1
2098669712 260 1 9 0
2098679731 260 1 9 1
2098680113 260 1 9 0
2098680588 260 1 9 1
2098684385 260 1 9 0
2098691069 260 1 9 1
2098691527 260 1 9 0
2098692027 260 1 9 1
2098696197 260 1 9 0
2098704127 260 1 9 1
2098709527 260 1 9 0
2098714305 260 1 9 1
2098724078 260 1 9 0
2098728502 260 1 9 1
2098740548 260 1 9 0
2098744488 260 1 9 1
2098752916 260 1 9 0
2098755554 260 1 9 1
2098763160 260 1 9 0
2098766694 260 1 9 1
2098775002 260 1 9 0
2098778869 260 1 9 1
2098789047 260 1 9 0
2098792294 260 1 9 1
2098802797 260 1 9 0
2098806093 260 1 9 1
2098813970 260 1 9 0
2098816588 260 1 9 1
2098826751 260 1 9 0
2098830103 260 1 9 1
2098837301 260 1 9 0
2098841760 260 1 9 1
2098848740 260 1 9 0
2098854273 260 1 9 1
2098861250 260 1 9 0
2098866119 260 1 9 1
2098871164 260 1 9 0
2098875799 260 1 9 1
2098880147 260 1 9 0
2098885258 260 1 9 1
2098890278 260 1 9 0
2098894070 260 1 9 1
2098900486 260 1 9 0
2098904748 260 1 9 1
2098910490 260 1 9 0
2098914052 260 1 9 1
2098920037 260 1 9 0
2098923361 260 1 9 1
2098929323 260 1 9 0
2098932395 260 1 9 1
2098934101 260 1 9 0
2098934339 260 1 9 1
2098936492 260 1 9 0
2098940245 260 1 9 1
2098947469 260 1 9 0
2098951031 260 1 9 1
2098955201 260 1 9 0
2098959169 260 1 9 1
2098964557 260 1 9 0
2098968542 260 1 9 1
2098974514 260 1 9 0
2098978972 260 1 9 1
2098982848 260 1 9 0
2098986752 260 1 9 1
2098992137 260 1 9 0
2098996114 260 1 9 1
2098999720 260 1 9 0
2099004626 260 1 9 1
2099009107 260 1 9 0
2099013602 260 1 9 1
2099017541 260 1 9 0
2099020627 260 1 9 1
2099024605 260 1 9 0
2099030222 260 1 9 1
2099035497 260 1 9 0
2099039955 260 1 9 1
2099043090 260 1 9 0
2099047688 260 1 9 1
2099052874 260 1 9 0
2099058564 260 1 9 1
2099063226 260 1 9 0
2099067656 260 1 9 1
2099073511 260 1 9 0
2099077731 260 1 9 1
2099082411 260 1 9 0
2099085570 260 1 9 1
2099089492 260 1 9 0
2099093894 260 1 9 1
2099098824 260 1 9 0
2099103016 260 1 9 1
2099107015 260 1 9 0
2099111809 260 1 9 1
2099119102 260 1 9 0
2099123994 260 1 9 1
2099128709 260 1 9 0
2099133335 260 1 9 1
2099140361 260 1 9 0
2099144315 260 1 9 1
2099146965 260 1 9 0
2099151656 260 1 9 1
2099157221 260 1 9 0
2099161203 260 1 9 1
2099164808 260 1 9 0
2099168118 260 1 9 1
2099174081 260 1 9 0
2099179907 260 1 9 1
2099187569 260 1 9 0
2099191847 260 1 9 1
2099197715 260 1 9 0
2099201865 260 1 9 1
2099207408 260 1 9 0
2099211264 260 1 9 1
2099217541 260 1 9 0
2099222349 260 1 9 1
2099228361 260 1 9 0
2099231758 260 1 9 1
2099237386 260 1 9 0
2099240244 260 1 9 1
2099246579 260 1 9 0
2099250060 260 1 9 1
2099257422 260 1 9 0
2099260508 260 1 9 1
2099260660 260 1 9 0
2099261166 260 1 9 1
2099269147 260 1 9 0
2099271827 260 1 9 1
2099279654 260 1 9 0
2099283776 260 1 9 1
2099289211 260 1 9 0
2099292297 260 1 9 1
2099298484 260 1 9 0
2099301122 260 1 9 1
2099312952 260 1 9 0
2099316486 260 1 9 1
2099325640 260 1 9 0
2099329368 260 1 9 1
2099340093 260 1 9 0
2099342745 260 1 9 1
2099354574 260 1 9 0
2099357254 260 1 9 1
2099368531 260 1 9 0
2099371211 260 1 9 1
2099387416 260 1 9 0
2099390958 260 1 9 1
2099401872 260 1 9 0
2099404720 260 1 9 1
2099416480 260 1 9 0
2099419855 260 1 9 1
2099432725 260 1 9 0
2099436055 260 1 9 1
2099447431 260 1 9 0
2099453772 260 1 9 1
2099459933 260 1 9 0
2099462823 260 1 9 1
2099466723 260 1 9 0
2099470257 260 1 9 1
2099474944 260 1 9 0
2099478730 260 1 9 1
2099486010 260 1 9 0
2099491402 260 1 9 1
2099497819 260 1 9 0
2099501815 260 1 9 1
2099511010 260 1 9 0
2099514768 260 1 9 1
2099524087 260 1 9 0
2099527649 260 1 9 1
2099536699 260 1 9 0
2099539155 260 1 9 1
2099539342 260 1 9 0
2099539575 260 1 9 1
2099549049 260 1 9 0
2099552877 260 1 9 1
2099561862 260 1 9 0
2099564542 260 1 9 1
2099577175 260 1 9 0
2099580079 260 1 9 1
2099588580 260 1 9 0
2099591736 260 1 9 1
2099605226 260 1 9 0
2099607650 260 1 9 1
2099624795 260 1 9 0
2099627013 260 1 9 1
2099643296 260 1 9 0
2099646410 260 1 9 1
2099660954 260 1 9 0
2099663634 260 1 9 1
2099681495 260 1 9 0
2099684651 260 1 9 1
2099710122 260 1 9 0
2099712998 260 1 9 1
2099800712 260 1 9 0
2099803232 260 1 9 1
2099818994 260 1 9 0
2099821856 260 1 9 1
2099833597 260 1 9 0
2099838001 260 1 9 1
2099838577 260 1 9 0
2099838811 260 1 9 1
2099847751 260 1 9 0
2099850487 260 1 9 1
2099860456 260 1 9 0
2099864671 260 1 9 1
2099876482 260 1 9 0
2099881248 260 1 9 1
2099886676 260 1 9 0
2099889846 260 1 9 1
2099899549 260 1 9 0
2099904595 260 1 9 1
2099909950 260 1 9 0
2099913198 260 1 9 1
2099920294 260 1 9 0
2099924836 260 1 9 1
2099928838 260 1 9 0
2099932442 260 1 9 1
2099938129 260 1 9 0
2099942265 260 1 9 1
2099946097 260 1 9 0
2099949981 260 1 9 1
2099953752 260 1 9 0
2099957759 260 1 9 1
2099962342 260 1 9 0
2099965890 260 1 9 1
2099966189 260 1 9 0
2099966618 260 1 9 1
2099971797 260 1 9 0
2099974715 260 1 9 1
2099975107 260 1 9 0
2099975611 260 1 9 1
2099975698 260 1 9 0
2099976413 260 1 9 1
2099976651 260 1 9 0
2099978081 260 1 9 1
2099983873 260 1 9 0
2099986847 260 1 9 1
2099994523 260 1 9 0
2099998142 260 1 9 1
2100002761 260 1 9 0
2100005931 260 1 9 1
2100012205 260 1 9 0
2100016005 260 1 9 1
2100021706 260 1 9 0
2100025380 260 1 9 1
2100041437 260 1 9 0
2100044021 260 1 9 1
2100406267 260 1 9 0
2100409381 260 1 9 1
2100416611 260 1 9 0
2100419728 260 1 9 1
2100426055 260 1 9 0
2100429338 260 1 9 1
2100450001 260 1 9 0
2100454538 260 1 9 1
2100464617 260 1 9 0
2100468993 260 1 9 1
2100475804 260 1 9 0
2100478750 260 1 9 1
2100481239 132 0 1 1
2100484413 260 1 9 0
2100487632 260 1 9 1
2100493792 260 1 9 0
2100497130 260 1 9 1
2100497293 260 1 9 0
2100498807 260 1 9 1
2100504493 260 1 9 0
2100508877 260 1 9 1
2100515236 260 1 9 0
2100519638 260 1 9 1
2100523327 260 1 9 0
2100527981 260 1 9 1
2100533128 260 1 9 0
2100537805 260 1 9 1
2100543041 260 1 9 0
2100548087 260 1 9 1
2100553828 260 1 9 0
2100560353 260 1 9 1
2100567582 260 1 9 0
2100573421 260 1 9 1
2100574636 260 1 9 0
2100575282 260 1 9 1
2100579701 260 1 9 0
2100583823 260 1 9 1
2100587122 260 1 9 0
2100591300 260 1 9 1
2100595790 260 1 9 0
2100600639 260 1 9 1
2100605851 260 1 9 0
2100610183 260 1 9 1
2100610673 260 1 9 0
2100610925 260 1 9 1
2100617437 260 1 9 0
2100621895 260 1 9 1
2100622079 260 1 9 0
2100622861 260 1 9 1
2100622979 260 1 9 0
2100624030 260 1 9 1
2100630794 260 1 9 0
2100638430 260 1 9 1
2100643299 260 1 9 0
2100651355 260 1 9 1
2100657274 260 1 9 0
2100664686 260 1 9 1
2100667768 260 1 9 0
2100674698 260 1 9 1
2100678311 260 1 9 0
2100689708 260 1 9 1
2100689944 260 1 9 0
2100690137 260 1 9 1
2100690736 260 1 9 0
2100695389 260 1 9 1
2100698387 260 1 9 0
2100704763 260 1 9 1
2100709214 260 1 9 0
2100714991 260 1 9 1
2100718258 260 1 9 0
2100723703 260 1 9 1
2100726314 260 1 9 0
2100731668 260 1 9 1
2100735215 260 1 9 0
2100741127 260 1 9 1
2100742216 260 1 9 0
2100746730 260 1 9 1
2100750570 260 1 9 0
2100756736 260 1 9 1
2100762907 260 1 9 0
2100767473 260 1 9 1
2100768104 260 1 9 0
2100770882 260 1 9 1
2100777064 260 1 9 0
2100784252 260 1 9 1
2100784687 260 1 9 0
2100785776 260 1 9 1
2100786320 260 1 9 0
2100787302 260 1 9 1
2100789807 260 1 9 0
2100794488 260 1 9 1
2100799307 260 1 9 0
2100804409 260 1 9 1
2100810747 260 1 9 0
2100816941 260 1 9 1
2100821795 260 1 9 0
2100825175 260 1 9 1
2100826124 260 1 9 0
2100826953 260 1 9 1
2100828710 260 1 9 0
2100832720 260 1 9 1
2100833113 260 1 9 0
2100833644 260 1 9 1
2100837425 260 1 9 0
2100844907 260 1 9 1
2100848726 260 1 9 0
2100854130 260 1 9 1
2100857964 260 1 9 0
2100868918 260 1 9 1
2100871668 260 1 9 0
2100881054 260 1 9 1
2100881384 260 1 9 0
2100881964 260 1 9 1
2100883957 260 1 9 0
2100889619 260 1 9 1
2100891513 260 1 9 0
2100897637 260 1 9 1
2100900102 260 1 9 0
2100905568 260 1 9 1
2100906852 260 1 9 0
2100910666 260 1 9 1
2100911037 260 1 9 0
2100911366 260 1 9 1
2100911880 260 1 9 0
2100915050 260 1 9 1
2100915166 260 1 9 0
2100915736 260 1 9 1
2100916209 260 1 9 0
2100916814 260 1 9 1
2100917253 260 1 9 0
2100917650 260 1 9 1
2100918096 260 1 9 0
2100918861 260 1 9 1
2100919752 260 1 9 0
2100923118 260 1 9 1
2100923761 260 1 9 0
2100928947 260 1 9 1
2100929073 260 1 9 0
2100934785 260 1 9 1
2100935005 260 1 9 0
2100936395 260 1 9 1
2100936464 260 1 9 0
2100945333 260 1 9 1
2100945452 260 1 9 0
2100949630 260 1 9 1
2100949846 260 1 9 0
2100950582 260 1 9 1
2100951210 260 1 9 0
2100955528 260 1 9 1
2100956764 260 1 9 0
2100961852 260 1 9 1
2100964464 260 1 9 0
2100969608 260 1 9 1
2100970708 260 1 9 0
2100971400 260 1 9 1
2100971593 260 1 9 0
2100977353 260 1 9 1
2100977584 260 1 9 0
2100978039 260 1 9 1
2100979270 260 1 9 0
2100979369 260 1 9 1
2100980250 260 1 9 0
2100985184 260 1 9 1
2100985280 260 1 9 0
2100985884 260 1 9 1
2100986265 260 1 9 0
2100986752 260 1 9 1
2100989022 260 1 9 0
2100996246 260 1 9 1
2100996625 260 1 9 0
2101001797 260 1 9 1
2101004440 260 1 9 0
2101012244 260 1 9 1
2101012553 260 1 9 0
2101014785 260 1 9 1
2101017375 260 1 9 0
2101027853 260 1 9 1
2101030761 260 1 9 0
2101044333 260 1 9 1
2101044946 260 1 9 0
2101051168 260 1 9 1
2101051861 260 1 9 0
2101052736 260 1 9 1
2101053670 260 1 9 0
2101082544 260 1 9 1
2101086233 260 1 9 0
2101092805 260 1 9 1
2101097239 260 1 9 0
2101103811 260 1 9 1
2101106992 260 1 9 0
2101113585 260 1 9 1
2101118179 260 1 9 0
2101125743 260 1 9 1
2101126051 260 1 9 0
2101127523 260 1 9 1
2101127997 260 1 9 0
2101128969 260 1 9 1
2101130526 260 1 9 0
2101134854 260 1 9 1
2101135495 260 1 9 0
2101138775 260 1 9 1
2101138783 260 1 9 0
2101139505 260 1 9 1
2101140082 260 1 9 0
2101141017 260 1 9 1
2101142524 260 1 9 0
2101148411 260 1 9 1
2101148536 260 1 9 0
2101150754 260 1 9 1
2101153749 260 1 9 0
2101171381 260 1 9 1
2101171494 260 1 9 0
2101178381 260 1 9 1
2101178790 260 1 9 0
2101179108 260 1 9 1
2101181614 260 1 9 0
2101223592 260 1 9 1
2101224603 260 1 9 0
2101237951 260 1 9 1
2101240620 260 1 9 0
2101262620 260 1 9 1
2101265910 260 1 9 0
2101287168 260 1 9 1
2101287294 260 1 9 0
2101287893 260 1 9 1
2101288211 260 1 9 0
2101288540 260 1 9 1
2101289514 260 1 9 0
2101509124 260 1 9 1
2101509576 260 1 9 0
2101514216 260 1 9 1
2101515518 260 1 9 0
2101584572 260 1 9 1
2101587442 260 1 9 0
2101592880 260 1 9 1
2101597558 260 1 9 0
2101602520 260 1 9 1
2101606814 260 1 9 0
2101613472 260 1 9 1
2101618730 260 1 9 0
2101624474 260 1 9 1
2101629102 260 1 9 0
2101634946 260 1 9 1
2101636917 260 1 9 0
2101652561 260 1 9 1
2101652851 260 1 9 0
2101654297 260 1 9 1
2101656903 260 1 9 0
2101672533 260 1 9 1
2101676949 260 1 9 0
2101682205 260 1 9 1
2101683199 260 1 9 0
2101683479 260 1 9 1
2101687293 260 1 9 0
2101692311 260 1 9 1
2101697028 260 1 9 0
2101701822 260 1 9 1
2101707252 260 1 9 0
2101712074 260 1 9 1
2101716421 260 1 9 0
2101722097 260 1 9 1
2101726197 260 1 9 0
2101731654 260 1 9 1
2101736712 260 1 9 0
2101742898 260 1 9 1
2101749147 260 1 9 0
2101755677 260 1 9 1
2101761234 260 1 9 0
2101766400 260 1 9 1
2101766685 260 1 9 0
2101767243 260 1 9 1
2101767306 260 1 9 0
2101767764 260 1 9 1
2101772928 260 1 9 0
2101778562 260 1 9 1
2101784400 260 1 9 0
2101789600 260 1 9 1
2101794174 260 1 9 0
2101798503 260 1 9 1
2101802958 260 1 9 0
2101807766 260 1 9 1
2101811787 260 1 9 0
2101814887 260 1 9 1
2101818873 260 1 9 0
2101823065 260 1 9 1
2101823485 260 1 9 0
2101824157 260 1 9 1
2101829097 260 1 9 0
2101833947 260 1 9 1
2101838655 260 1 9 0
2101843253 260 1 9 1
2101847256 260 1 9 0
2101851490 260 1 9 1
2101855014 260 1 9 0
2101859458 260 1 9 1
2101864566 260 1 9 0
2101870368 260 1 9 1
2101874631 260 1 9 0
2101879719 260 1 9 1
2101884075 260 1 9 0
2101888491 260 1 9 1
2101892042 260 1 9 0
2101894983 260 1 9 1
2101900155 260 1 9 0
2101905089 260 1 9 1
2101911240 260 1 9 0
2101913710 260 1 9 1
2101918998 260 1 9 0
2101922826 260 1 9 1
2101927599 260 1 9 0
2101930782 260 1 9 1
2101938444 260 1 9 0
2101941572 260 1 9 1
2101941873 260 1 9 0
2101942981 260 1 9 1
2101950284 260 1 9 0
2101955400 260 1 9 1
2101955456 260 1 9 0
2101956744 260 1 9 1
2101964057 260 1 9 0
2101966499 260 1 9 1
2101971929 260 1 9 0
2101975533 260 1 9 1
2101981202 260 1 9 0
2101985408 260 1 9 1
2101986405 260 1 9 0
2101986766 260 1 9 1
2101995089 260 1 9 0
2101999099 260 1 9 1
2102004533 260 1 9 0
2102007907 260 1 9 1
2102012291 260 1 9 0
2102016161 260 1 9 1
2102024466 260 1 9 0
2102027895 260 1 9 1
2102033879 260 1 9 0
2102038883 260 1 9 1
2102041637 260 1 9 0
2102047592 260 1 9 1
2102050918 260 1 9 0
2102054340 260 1 9 1
2102055768 260 1 9 0
2102062041 260 1 9 1
2102063292 260 1 9 0
2102064020 260 1 9 1
2102064487 260 1 9 0
2102067631 260 1 9 1
2102072103 260 1 9 0
2102076155 260 1 9 1
2102077131 260 1 9 0
2102077807 260 1 9 1
2102079197 260 1 9 0
2102083603 260 1 9 1
2102086246 260 1 9 0
2102091109 260 1 9 1
2102091327 260 1 9 0
2102092412 260 1 9 1
2102093756 260 1 9 0
2102144274 260 1 9 1
2102147009 260 1 9 0
2102152699 260 1 9 1
2102152961 260 1 9 0
2102153413 260 1 9 1
2102158190 260 1 9 0
2102165042 260 1 9 1
2102171014 260 1 9 0
2102178062 260 1 9 1
2102184502 260 1 9 0
2102188582 260 1 9 1
2102191364 260 1 9 0
2102195248 260 1 9 1
2102200079 260 1 9 0
2102204873 260 1 9 1
2102208949 260 1 9 0
2102212749 260 1 9 1
2102217443 260 1 9 0
2102223035 260 1 9 1
2102227505 260 1 9 0
2102231305 260 1 9 1
2102232124 260 1 9 0
2102237212 260 1 9 1
2102241068 260 1 9 0
2102245904 260 1 9 1
2102249865 260 1 9 0
2102254505 260 1 9 1
2102258809 260 1 9 0
2102268657 260 1 9 1
2102268875 260 1 9 0
2102269497 260 1 9 1
2102274041 260 1 9 0
2102280193 260 1 9 1
2102281783 260 1 9 0
2102285641 260 1 9 1
2102286759 260 1 9 0
2102287263 260 1 9 1
2102288243 260 1 9 0
2102293933 260 1 9 1
2102295778 260 1 9 0
2102300175 260 1 9 1
2102300613 260 1 9 0
2102301874 260 1 9 1
2102303536 260 1 9 0
2102303713 260 1 9 1
2102304042 260 1 9 0
2102310838 260 1 9 1
2102312940 260 1 9 0
2102317636 260 1 9 1
2102317696 260 1 9 0
2102320299 260 1 9 1
2102324440 260 1 9 0
2102331558 260 1 9 1
2102332639 260 1 9 0
2102333126 260 1 9 1
2102334373 260 1 9 0
2102339503 260 1 9 1
2102339511 260 1 9 0
2102340203 260 1 9 1
2102341309 260 1 9 0
2102344241 260 1 9 1
2102344794 260 1 9 0
2102345319 260 1 9 1
2102346685 260 1 9 0
2102353005 260 1 9 1
2102353232 260 1 9 0
2102357312 260 1 9 1
2102358522 260 1 9 0
2102364380 260 1 9 1
2102364704 260 1 9 0
2102370730 260 1 9 1
2102370958 260 1 9 0
2102371416 260 1 9 1
2102371915 260 1 9 0
2102452113 260 1 9 1
2102452966 260 1 9 0
2102453662 260 1 9 1
2102455422 260 1 9 0
2102472536 260 1 9 1
2102472669 260 1 9 0
2102473894 260 1 9 1
2102474281 260 1 9 0
2102475111 260 1 9 1
2102476157 260 1 9 0
2102476751 260 1 9 1
2102477023 260 1 9 0
2102486443 132 0 1 0
2102495217 132 0 1 1
2102514091 132 0 1 0
2102522520 132 0 1 1
2102549183 132 0 1 0
2102571738 132 0 1 1
2102590211 132 0 1 0
2102606313 132 0 1 1
2102628180 132 0 1 0
2102650389 132 0 1 1
2102671311 132 0 1 0
2102694996 132 0 1 1
2102705874 132 0 1 0
2102728932 132 0 1 1
2102742211 132 0 1 0
2102766872 132 0 1 1
2102780547 132 0 1 0
2103836137 132 0 1 1
2103856510 132 0 1 0
2103897253 132 0 1 1
2103917539 132 0 1 0
2103957966 132 0 1 1
2103975682 132 0 1 0
2104075333 132 0 1 1
2104091546 132 0 1 0
2104421725 132 0 1 1
2104433277 132 0 1 0
2104466843 132 0 1 1
2104480502 132 0 1 0
2104496044 132 0 1 1
2104505060 132 0 1 0
2104551446 132 0 1 1
2104586838 132 0 1 0
2104635748 132 0 1 1
2104662100 132 0 1 0
2104682840 132 0 1 1
2104698446 132 0 1 0
2104719780 132 0 1 1
2104754402 132 0 1 0
2104780940 132 0 1 1
2104819250 132 0 1 0
2104844738 132 0 1 1
2104875910 132 0 1 0
2104896913 132 0 1 1
2104931655 132 0 1 0
2104952316 132 0 1 1
2104972770 132 0 1 0
2104993528 132 0 1 1
2105021541 132 0 1 0
2105059116 132 0 1 1
2105076405 132 0 1 0
2105109055 132 0 1 1
2105124205 132 0 1 0
2105164614 132 0 1 1
2105186445 132 0 1 0
2105223078 132 0 1 1
2105255550 132 0 1 0
2105292452 132 0 1 1
2105329427 132 0 1 0
2105350082 132 0 1 1
2105383916 132 0 1 0
2106746565 132 0 1 1
2108626329 132 0 1 0
2108638826 132 0 1 1
2108657385 132 0 1 0
2108670714 132 0 1 1
2108685126 132 0 1 0
2108702843 132 0 1 1
2108720067 132 0 1 0
2108845429 260 1 9 1
2108850691 260 1 9 0
2108854397 260 1 9 1
2108893112 260 1 9 0
2108896604 260 1 9 1
2108916187 260 1 9 0
2108919497 260 1 9 1
2108946628 260 1 9 0
2108949294 260 1 9 1
2108974198 260 1 9 0
2108978124 260 1 9 1
2109029395 260 1 9 0
2109034399 260 1 9 1
2109077278 260 1 9 0
2109080994 260 1 9 1
2109128146 260 1 9 0
2109131218 260 1 9 1
2109306907 260 1 9 0
2109309979 260 1 9 1
2109365932 260 1 9 0
2109368794 260 1 9 1
2109411058 260 1 9 0
2109414594 260 1 9 1
2109432043 260 1 9 0
2109435969 260 1 9 1
2109454714 260 1 9 0
2109457352 260 1 9 1
2109474685 260 1 9 0
2109478611 260 1 9 1
2109496570 260 1 9 0
2109500062 260 1 9 1
2109514684 260 1 9 0
2109517322 260 1 9 1
2109533983 260 1 9 0
2109537055 260 1 9 1
2109553282 260 1 9 0
2109556578 260 1 9 1
2109572638 260 1 9 0
2109575920 260 1 9 1
2109595309 260 1 9 0
2109599207 260 1 9 1
2109616294 260 1 9 0
2109619772 260 1 9 1
2109650893 260 1 9 0
2109656093 260 1 9 1
2109701920 260 1 9 0
2109709472 260 1 9 1
2109762004 260 1 9 0
2109769982 260 1 9 1
2109792946 260 1 9 0
2109797068 260 1 9 1
2109815731 260 1 9 0
2109822891 260 1 9 1
2109825815 260 1 9 0
2109829769 260 1 9 1
2109844816 260 1 9 0
2109848275 260 1 9 1
2109867487 260 1 9 0
2109870601 260 1 9 1
2109889315 260 1 9 0
2109891547 260 1 9 1
2109904672 260 1 9 0
2109907338 260 1 9 1
2109918400 260 1 9 0
2109921276 260 1 9 1
2109937528 260 1 9 0
2109940295 260 1 9 1
2109954799 260 1 9 0
2109957451 260 1 9 1
2109979270 260 1 9 0
2109982342 260 1 9 1
2110005541 260 1 9 0
2110009310 260 1 9 1
2110031641 260 1 9 0
2110034097 260 1 9 1
2110051441 260 1 9 0
2110054317 260 1 9 1
2110071184 260 1 9 0
2110075110 260 1 9 1
2110091098 260 1 9 0
2110094604 260 1 9 1
2110107298 260 1 9 0
2110109932 260 1 9 1
2110124341 260 1 9 0
2110126769 260 1 9 1
2110135927 260 1 9 0
2110138579 260 1 9 1
2110151056 260 1 9 0
2110154142 260 1 9 1
2110164556 260 1 9 0
2110167642 260 1 9 1
2110182442 260 1 9 0
2110185948 260 1 9 1
2110200385 260 1 9 0
2110203037 260 1 9 1
2110203225 260 1 9 0
2110203667 260 1 9 1
2110220971 260 1 9 0
2110225135 260 1 9 1
2110242514 260 1 9 0
2110246034 260 1 9 1
2110258771 260 1 9 0
2110262501 260 1 9 1
2110276657 260 1 9 0
2110280597 260 1 9 1
2110294543 260 1 9 0
2110297839 260 1 9 1
2110308943 260 1 9 0
2110312659 260 1 9 1
2110354672 260 1 9 0
2110361818 260 1 9 1
2110383472 260 1 9 0
2110386768 260 1 9 1
2110405015 260 1 9 0
2110408717 260 1 9 1
2110426501 260 1 9 0
2110429573 260 1 9 1
2110446301 260 1 9 0
2110449163 260 1 9 1
2110466944 260 1 9 0
2110470212 260 1 9 1
2110487587 260 1 9 0
2110491079 260 1 9 1
2110510873 260 1 9 0
2110514589 260 1 9 1
2110526230 260 1 9 0
2110529932 260 1 9 1
2110539673 260 1 9 0
2110543179 260 1 9 1
2110556716 260 1 9 0
2110559158 260 1 9 1
2110571002 260 1 9 0
2110574914 260 1 9 1
2110594345 260 1 9 0
2110598481 260 1 9 1
2110615831 260 1 9 0
2110618903 260 1 9 1
2110632874 260 1 9 0
2110636366 260 1 9 1
2110648174 260 1 9 0
2110651442 260 1 9 1
2110662460 260 1 9 0
2110665966 260 1 9 1
2110681189 260 1 9 0
2110685339 260 1 9 1
2110695475 260 1 9 0
2110699835 260 1 9 1
2110713532 260 1 9 0
2110718326 260 1 9 1
2110723261 260 1 9 0
2110726991 260 1 9 1
2110728232 260 1 9 0
2110728923 260 1 9 1
2110729520 260 1 9 0
2110733250 260 1 9 1
2110740247 260 1 9 0
2110742941 260 1 9 1
2110752847 260 1 9 0
2110756185 260 1 9 1
2110756390 260 1 9 0
2110756633 260 1 9 1
2110765447 260 1 9 0
2110768113 260 1 9 1
2110778776 260 1 9 0
2110782562 260 1 9 1
2110792105 260 1 9 0
2110794813 260 1 9 1
2110804762 260 1 9 0
2110807890 260 1 9 1
2110822591 260 1 9 0
2110826153 260 1 9 1
2110843177 260 1 9 0
2110846067 260 1 9 1
2110857520 260 1 9 0
2110860606 260 1 9 1
2110868263 260 1 9 0
2110870929 260 1 9 1
2110881649 260 1 9 0
2110886261 260 1 9 1
2110895149 260 1 9 0
2110898249 260 1 9 1
2110907635 260 1 9 0
2110911141 260 1 9 1
2110918435 260 1 9 0
2110920877 260 1 9 1
2110928392 260 1 9 0
2110931492 260 1 9 1
2110939921 260 1 9 0
2110943875 260 1 9 1
2110952350 260 1 9 0
2110955016 260 1 9 1
2110965850 260 1 9 0
2110971092 260 1 9 1
2110983850 260 1 9 0
2110988434 260 1 9 1
2111000050 260 1 9 0
2111004018 260 1 9 1
2111014336 260 1 9 0
2111018066 260 1 9 1
2111028508 260 1 9 0
2111032434 260 1 9 1
2111044822 260 1 9 0
2111048958 260 1 9 1
2111059108 260 1 9 0
2111063454 260 1 9 1
2111076094 260 1 9 0
2111081308 260 1 9 1
2111093080 260 1 9 0
2111097006 260 1 9 1
2111104609 260 1 9 0
2111107261 260 1 9 1
2111117323 260 1 9 0
2111121249 260 1 9 1
2111138638 260 1 9 0
2111141276 260 1 9 1
2111173510 260 1 9 0
2111178892 260 1 9 1
2111184196 260 1 9 0
2111188094 260 1 9 1
2111199382 260 1 9 0
2111204960 260 1 9 1
2111219854 260 1 9 0
2111224382 260 1 9 1
2111236054 260 1 9 0
2111243760 260 1 9 1
2111254783 260 1 9 0
2111257869 260 1 9 1
2111279755 260 1 9 0
2111283261 260 1 9 1
2111298712 260 1 9 0
2111301574 260 1 9 1
2111330827 260 1 9 0
2111334571 260 1 9 1
2111342470 260 1 9 0
2111345346 260 1 9 1
2111356756 260 1 9 0
2111359856 260 1 9 1
2111376328 260 1 9 0
2111379190 260 1 9 1
2111394214 260 1 9 0
2111396866 260 1 9 1
2111410300 260 1 9 0
2111413162 260 1 9 1
2111426386 260 1 9 0
2111430536 260 1 9 1
2111446972 260 1 9 0
2111450702 260 1 9 1
2111464801 260 1 9 0
2111468097 260 1 9 1
2111479087 260 1 9 0
2111481725 260 1 9 1
2111495287 260 1 9 0
2111498583 260 1 9 1
2111510359 260 1 9 0
2111513221 260 1 9 1
2111523574 260 1 9 0
2111527290 260 1 9 1
2111538145 260 1 9 0
2111541021 260 1 9 1
2111551360 260 1 9 0
2111554852 260 1 9 1
2111560360 260 1 9 0
2111563446 260 1 9 1
2111574646 260 1 9 0
2111577942 260 1 9 1
2111585389 260 1 9 0
2111589315 260 1 9 1
2111599675 260 1 9 0
2111604021 260 1 9 1
2111609575 260 1 9 0
2111612437 260 1 9 1
2111623018 260 1 9 0
2111630204 260 1 9 1
2111632280 260 1 9 0
2111637060 260 1 9 1
2111641690 260 1 9 0
2111647576 260 1 9 1
2111650493 260 1 9 0
2111656351 260 1 9 1
2111656553 260 1 9 0
2111656771 260 1 9 1
2111659726 260 1 9 0
2111666354 260 1 9 1
2111669318 260 1 9 0
2111691444 260 1 9 1
2111691582 260 1 9 0
2111692760 260 1 9 1
2111696640 260 1 9 0
2111704346 260 1 9 1
2111705438 260 1 9 0
2111706068 260 1 9 1
2111706756 260 1 9 0
