158 
123 86 3 100 542605 2.000136728
101 42 3 100 1315222 2.000153667
81 49 3 100 30373 2.000390566
56 40 3 100 8802 2.000441980
123 48 3 100 72422 2.000565352
109 38 3 100 24646 2.000571222
23 17 3 100 13884 2.000610541
50 85 3 100 1591812 2.000619828
40 5 3 100 2008166 2.000675375
26 51 3 100 33193 2.000707172
40 80 3 100 190503 2.000725081
34 37 3 100 717492 2.000727886
104 118 3 100 4567172 2.000745569
14 104 3 100 128932 2.000753334
86 61 3 100 34911 2.000767594
17 119 3 100 1333802 2.000895109
106 92 3 100 61733 2.000979252
117 21 3 100 638298 2.001026920
22 17 3 100 70914 2.001030830
24 84 3 100 27420 2.001042142
118 125 3 100 1930705 2.001157622
89 120 3 100 29258 2.001160548
106 40 3 100 27327 2.001175949
13 25 3 100 34 2.001192460
113 127 3 100 39182 2.001212706
13 76 3 100 325623 2.001282429
49 43 3 100 4089778 2.001319633
96 101 3 100 32883 2.001320858
65 82 3 100 690 2.001341647
39 6 3 100 676338 2.001367764
63 122 3 100 26958 2.001477487
101 27 3 100 301 2.001525194
75 74 3 100 2804 2.001578277
2 113 3 100 43604 2.001580185
54 97 3 100 68987 2.001636787
9 100 3 100 7466 2.001676088
29 60 3 100 23488 2.001691721
126 46 3 100 1896 2.001761112
37 15 3 100 17026 2.001805482
41 122 3 100 28465 2.001861646
82 90 3 100 55191 2.001920244
29 124 3 100 3120260 2.001925987
7 81 3 100 1651361 2.001984902
3 99 3 100 172145 2.002013276
66 86 3 100 5664736 2.002014156
9 70 3 100 4326 2.002131098
11 14 3 100 3189234 2.002180427
118 36 3 100 40873 2.002268623
86 87 3 100 45417 2.002319641
100 33 3 100 9065347 2.002331587
68 74 3 100 9335580 2.002354309
121 105 3 100 52939 2.002403489
10 37 3 100 62359 2.002430632
100 51 3 100 76066 2.002479549
55 0 3 100 4215 2.002491576
87 34 3 100 65485 2.002518311
69 110 3 100 5619 2.002519865
42 50 3 100 195042 2.002590834
48 74 3 100 4290 2.002592251
105 53 3 100 3632529 2.002603916
103 61 3 100 1996231 2.002647879
91 27 3 100 3444027 2.002655266
43 61 3 100 33878 2.002709488
42 32 3 100 2932046 2.002730551
119 89 3 100 267007 2.002740051
11 118 3 100 26389 2.002850165
41 125 3 100 491537 2.003039677
25 24 3 100 16125768 2.003050693
85 48 3 100 9262 2.003138573
19 17 3 100 25705 2.003143669
50 80 3 100 20821 2.003250446
0 26 3 100 1293334 2.003257495
11 54 3 100 49213 2.003283552
55 58 3 100 45151 2.003292414
3 52 3 100 6762728 2.003293862
120 117 3 100 3400799 2.003299372
91 46 3 100 1463 2.003339135
48 117 3 100 414077 2.003453501
28 74 3 100 10965 2.003578909
54 83 3 100 56155 2.003744017
79 127 3 100 832392 2.003839940
75 123 3 100 134052 2.003905293
15 56 3 100 8881208 2.003912114
2 27 3 100 55124 2.004018034
83 37 3 100 835046 2.004101764
118 124 3 100 6383315 2.004105025
36 42 3 100 6113 2.004125834
90 101 3 100 2978749 2.004150383
3 24 3 100 25931 2.004196628
101 22 3 100 9501311 2.004278422
40 98 3 100 9040 2.004308144
125 27 3 100 44764 2.004347739
11 62 3 100 24139 2.004368435
99 22 3 100 58770 2.004434677
66 77 3 100 4808971 2.004553163
99 94 3 100 9803 2.004560188
67 22 3 100 6387 2.004572781
30 122 3 100 54253 2.004589495
65 26 3 100 207 2.004631135
96 3 3 100 543806 2.004814714
79 18 3 100 9840668 2.004875570
114 35 3 100 79618 2.004936161
98 18 3 100 775957 2.005002803
64 82 3 100 153934 2.005050888
93 57 3 100 1133539 2.005137846
120 59 3 100 3607324 2.005192280
120 39 3 100 73624 2.005289689
89 30 3 100 14287 2.005406326
68 17 3 100 18421 2.005411560
122 31 3 100 1066072 2.005433631
106 22 3 100 4919 2.005519478
114 56 3 100 5493 2.005612289
39 98 3 100 15356 2.005712973
109 116 3 100 2811 2.005727045
71 98 3 100 9062 2.005745186
96 117 3 100 8814301 2.005787582
17 123 3 100 1946400 2.005864769
99 63 3 100 6059586 2.005868398
125 6 3 100 75380 2.005953245
117 83 3 100 63204 2.005998656
67 99 3 100 5050 2.006016360
59 60 3 100 3742045 2.006037158
34 94 3 100 274036 2.006077831
8 7 3 100 169007 2.006246628
32 49 3 100 417874 2.006297758
42 39 3 100 4141410 2.006330490
122 46 3 100 6332792 2.006447055
122 67 3 100 6283 2.006498662
7 81 3 100 23563 2.006518111
31 18 3 100 1387775 2.006881124
105 42 3 100 1926566 2.006882606
118 108 3 100 17924581 2.006901442
51 57 3 100 3036 2.006922958
122 79 3 100 61156 2.006940822
114 6 3 100 7477 2.006964719
78 23 3 100 24879 2.007086944
92 10 3 100 21436 2.007255478
40 123 3 100 230459 2.007388598
54 99 3 100 9644 2.007410817
60 49 3 100 1416198 2.007410891
64 88 3 100 1670628 2.007471808
98 62 3 100 770373 2.007478006
80 35 3 100 70939 2.007521681
31 95 3 100 7021505 2.007555166
42 81 3 100 37690 2.007800502
124 13 3 100 9138 2.007807792
70 67 3 100 40580 2.007924706
50 67 3 100 3652 2.007982172
83 127 3 100 1231478 2.007986905
14 57 3 100 1267960 2.008057597
64 109 3 100 1338302 2.008311795
83 49 3 100 105981 2.008631965
121 3 3 100 29236 2.009137111
37 91 3 100 1041 2.009163629
13 71 3 100 4219 2.009441756
71 124 3 100 20153986 2.009450678
71 109 3 100 3931493 2.009658091
79 70 3 100 3599 2.009778755
