1629 
97 62 3 100 23014 2.000017116
172 108 3 100 66204 2.000035739
190 138 3 100 28872663 2.000076959
205 176 3 100 236434 2.000152288
37 58 3 100 1202 2.000272329
50 1 3 100 3135 2.000292515
208 20 3 100 36316 2.000423908
220 1 3 100 48099 2.000443783
83 55 3 100 4766042 2.000461060
250 158 3 100 7805 2.000600402
1 171 3 100 6557 2.000624582
207 121 3 100 8334 2.000630922
48 50 3 100 4826274 2.000684923
53 227 3 100 788038 2.000788790
159 98 3 100 905477 2.000834099
255 89 3 100 33390 2.000950265
60 163 3 100 66926 2.001009989
254 56 3 100 62487 2.001012282
214 111 3 100 3063305 2.001152241
92 65 3 100 1689067 2.001178339
155 200 3 100 38986 2.001205764
101 48 3 100 42167 2.001229558
111 76 3 100 78624 2.001267195
186 68 3 100 8524838 2.001279555
32 209 3 100 54110 2.001291133
43 219 3 100 1087738 2.001317205
57 142 3 100 1416112 2.001323794
95 54 3 100 15041 2.001384165
81 229 3 100 44652 2.001397057
118 252 3 100 47669 2.001409375
185 168 3 100 3610776 2.001635663
200 110 3 100 2861 2.001757878
94 16 3 100 65884 2.001792997
177 83 3 100 13745 2.001867790
151 5 3 100 166689 2.001928453
138 112 3 100 7450 2.002136908
193 162 3 100 70650 2.002197120
138 127 3 100 29769753 2.002230874
198 169 3 100 1458224 2.002234746
84 113 3 100 721904 2.002303419
111 255 3 100 7898750 2.002306725
108 247 3 100 10977802 2.002306767
239 18 3 100 40529 2.002352550
57 222 3 100 1275805 2.002398069
43 229 3 100 6609 2.002437466
245 164 3 100 5858531 2.002474853
78 22 3 100 19780516 2.002585349
177 195 3 100 125593 2.002632272
112 126 3 100 2616 2.002808422
66 70 3 100 47609 2.002817461
139 47 3 100 9488438 2.003052288
254 47 3 100 13577 2.003088169
113 114 3 100 48765 2.003174047
136 102 3 100 2575079 2.003179579
17 31 3 100 744973 2.003193697
121 3 3 100 11546 2.003235090
157 73 3 100 7191111 2.003308881
43 87 3 100 24820 2.003327650
96 122 3 100 60179 2.003512217
191 217 3 100 49142 2.003756104
73 28 3 100 2361 2.003815175
117 74 3 100 165484 2.003838388
189 198 3 100 57125 2.003868888
187 33 3 100 76418 2.003993806
244 172 3 100 142049 2.004051776
142 106 3 100 1359893 2.004063587
121 30 3 100 6352 2.004086660
27 44 3 100 20456 2.004099465
19 44 3 100 145019 2.004125091
122 116 3 100 4668253 2.004157272
108 73 3 100 140899 2.004338507
59 140 3 100 1437108 2.004347011
244 29 3 100 3977559 2.004374523
238 167 3 100 147073 2.004449397
118 38 3 100 52019 2.004452274
19 37 3 100 6932497 2.004485299
158 227 3 100 34801 2.004519358
0 205 3 100 11542390 2.004521247
160 38 3 100 195854 2.004643580
88 76 3 100 1830179 2.004755248
147 218 3 100 28638 2.004800342
255 239 3 100 3184 2.004831917
236 183 3 100 2323 2.004858701
23 119 3 100 14736 2.004885204
125 204 3 100 1057402 2.004964525
101 154 3 100 6141 2.005042043
107 233 3 100 33100 2.005069201
4 55 3 100 23980 2.005073968
163 198 3 100 1511888 2.005118639
115 147 3 100 29356 2.005125269
1 99 3 100 5676 2.005128681
112 211 3 100 4011 2.005139976
87 145 3 100 31424 2.005165404
46 116 3 100 26851 2.005186706
7 244 3 100 367253 2.005226007
9 151 3 100 590 2.005261278
167 26 3 100 1931190 2.005266567
124 82 3 100 4760 2.005359947
153 9 3 100 27183 2.005412354
139 109 3 100 19401 2.005468019
112 55 3 100 573859 2.005472905
40 94 3 100 6576964 2.005479434
91 215 3 100 1824508 2.005484998
135 246 3 100 73158 2.005508627
193 231 3 100 16356 2.005675489
31 248 3 100 76136 2.005745237
63 228 3 100 385560 2.005780630
11 25 3 100 31600 2.005806085
249 37 3 100 44494 2.005862954
12 239 3 100 5281 2.005919699
230 227 3 100 8567 2.006051361
152 195 3 100 2706591 2.006234646
152 147 3 100 8213 2.006243076
31 189 3 100 184847 2.006278820
86 190 3 100 16997 2.006296570
64 241 3 100 74653 2.006357793
87 54 3 100 6178 2.006421386
171 254 3 100 1666142 2.006490494
11 50 3 100 2376219 2.006526990
2 49 3 100 58021 2.006637704
214 159 3 100 45475 2.006660237
60 149 3 100 1524214 2.006672577
234 123 3 100 25119 2.006709035
134 160 3 100 63512 2.006739393
111 166 3 100 55030 2.006781126
207 73 3 100 9500 2.006827839
3 154 3 100 41485 2.006844844
240 110 3 100 9517994 2.006922865
41 74 3 100 27558 2.006923412
112 168 3 100 27043 2.007026732
181 218 3 100 31474 2.007079697
78 118 3 100 7578 2.007168080
111 126 3 100 6066276 2.007174698
92 102 3 100 55158 2.007240096
112 134 3 100 730077 2.007307046
176 108 3 100 4457 2.007367850
196 115 3 100 440114 2.007383583
50 68 3 100 123768 2.007483399
231 105 3 100 2252978 2.007657638
155 24 3 100 59430 2.007784354
3 38 3 100 486714 2.007791213
161 1 3 100 1746132 2.007875430
203 146 3 100 2051670 2.007918131
206 194 3 100 1452346 2.008010941
193 60 3 100 2956612 2.008013978
238 254 3 100 7887 2.008070624
69 242 3 100 2199363 2.008222417
84 34 3 100 25634 2.008246293
131 119 3 100 76078 2.008271065
16 245 3 100 36609 2.008338824
176 225 3 100 1048414 2.008347157
152 119 3 100 6510728 2.008412303
156 245 3 100 38243 2.008627208
53 21 3 100 42291 2.008697033
94 137 3 100 8936 2.008758562
90 106 3 100 404853 2.008786221
218 244 3 100 8084487 2.008840935
188 8 3 100 3860573 2.009048945
172 45 3 100 87370 2.009116837
8 253 3 100 5210681 2.009278249
241 234 3 100 9571 2.009287937
72 109 3 100 36385 2.009402487
155 66 3 100 52641 2.009428870
168 166 3 100 73713 2.009431804
109 163 3 100 30532 2.009583814
176 101 3 100 18152 2.009585806
125 44 3 100 4842 2.009635224
144 192 3 100 4154872 2.009759922
46 162 3 100 78388 2.009801513
133 193 3 100 6494818 2.009854174
87 143 3 100 797752 2.009943936
109 8 3 100 6850457 2.009947167
35 18 3 100 205191 2.010052560
105 4 3 100 806396 2.010065617
123 30 3 100 1304531 2.010138344
22 221 3 100 14179 2.010141748
79 223 3 100 1252897 2.010288802
219 211 3 100 15151470 2.010376405
145 147 3 100 8657643 2.010405323
86 219 3 100 16820430 2.010449820
213 74 3 100 6516097 2.010454902
221 87 3 100 642 2.010577372
152 183 3 100 73467 2.010713971
98 38 3 100 1586 2.010719427
100 203 3 100 5558 2.010855782
158 101 3 100 23712 2.010932343
206 4 3 100 23363 2.010948414
48 118 3 100 54050 2.010969770
154 165 3 100 1520197 2.010972575
33 71 3 100 141640 2.010997535
12 82 3 100 2845 2.011009110
243 183 3 100 21195 2.011056261
13 179 3 100 853868 2.011059881
153 10 3 100 69514 2.011096577
69 103 3 100 1218687 2.011111424
154 73 3 100 1052 2.011114128
188 233 3 100 2503906 2.011219225
35 132 3 100 6255 2.011264633
239 229 3 100 706 2.011271743
187 67 3 100 1065420 2.011273162
253 192 3 100 29407 2.011325121
196 176 3 100 2894212 2.011370779
170 55 3 100 34029 2.011377477
110 251 3 100 6030 2.011380922
54 168 3 100 4014212 2.011388764
206 133 3 100 534494 2.011398188
14 70 3 100 1740187 2.011514357
72 125 3 100 8899112 2.011561651
87 0 3 100 52682 2.011594810
255 100 3 100 41609 2.011599520
80 35 3 100 25778 2.011666930
157 179 3 100 7785 2.011697670
114 44 3 100 131223 2.011721965
63 226 3 100 46115 2.011813218
192 57 3 100 55036 2.011833490
209 81 3 100 25657 2.011897825
235 197 3 100 334851 2.011963048
238 23 3 100 15761 2.011979746
199 55 3 100 2133075 2.012019099
216 33 3 100 190253 2.012189004
29 56 3 100 1161234 2.012214986
138 103 3 100 25552 2.012401913
239 253 3 100 25355 2.012407443
162 123 3 100 1615571 2.012514081
255 223 3 100 17885 2.012525894
212 149 3 100 1561564 2.012530922
14 150 3 100 27906 2.012672558
118 70 3 100 1930280 2.012691073
238 239 3 100 8878 2.012777523
31 55 3 100 464959 2.012867692
51 27 3 100 1105683 2.012869868
71 226 3 100 11560 2.012899603
113 136 3 100 6571 2.012996587
208 191 3 100 19512 2.013068399
175 84 3 100 1981356 2.013080387
241 141 3 100 1765857 2.013193301
157 76 3 100 1622235 2.013272552
104 236 3 100 108809 2.013314093
106 250 3 100 1505106 2.013390658
236 181 3 100 48866 2.013426343
174 132 3 100 56382 2.013438554
239 105 3 100 1132121 2.013531043
103 245 3 100 26679 2.013634229
55 61 3 100 39987 2.013643154
28 15 3 100 128589 2.013645133
30 252 3 100 7711753 2.013663597
122 235 3 100 8306 2.013687151
203 102 3 100 1444336 2.013692112
103 229 3 100 23965 2.013784677
196 63 3 100 3049 2.013814895
184 146 3 100 69108 2.013855321
29 84 3 100 70455 2.013865640
183 173 3 100 30846 2.014038785
145 140 3 100 62601 2.014040128
0 47 3 100 15377 2.014070988
59 242 3 100 1070523 2.014156309
29 94 3 100 28425 2.014169406
195 137 3 100 1908077 2.014171414
253 190 3 100 75210 2.014248868
121 242 3 100 58617 2.014351522
239 207 3 100 18302 2.014364704
189 22 3 100 66758 2.014365651
168 87 3 100 7605934 2.014380474
193 116 3 100 28071 2.014523846
254 234 3 100 523086 2.014526545
68 94 3 100 49690 2.014665883
224 72 3 100 8243 2.014708324
211 119 3 100 1250591 2.014771279
193 89 3 100 24056 2.014787375
204 38 3 100 66496 2.014808510
239 188 3 100 27874063 2.014896599
211 229 3 100 21870 2.014950705
160 142 3 100 27542 2.014953884
157 142 3 100 751525 2.015013537
34 239 3 100 5681 2.015043562
200 205 3 100 8293584 2.015060797
100 179 3 100 2243 2.015109283
95 184 3 100 75704 2.015115014
177 26 3 100 812555 2.015139346
240 132 3 100 5099381 2.015172854
61 54 3 100 1866181 2.015330386
88 75 3 100 5358 2.015421977
91 102 3 100 1553142 2.015422605
248 96 3 100 623 2.015442799
122 166 3 100 73708 2.015448942
90 230 3 100 1666924 2.015491481
88 125 3 100 26044 2.015525210
24 58 3 100 25737112 2.015525603
6 201 3 100 72153 2.015550532
211 76 3 100 4876303 2.015578972
222 209 3 100 2782183 2.015619152
31 66 3 100 64840 2.015695436
196 74 3 100 43260 2.015696373
99 81 3 100 31182 2.015758016
16 177 3 100 365880 2.015777462
143 65 3 100 788141 2.015782289
15 198 3 100 2530930 2.015825761
133 83 3 100 21019 2.015842999
94 114 3 100 1363234 2.015859604
177 149 3 100 101051 2.015892829
104 108 3 100 52703 2.015935474
86 117 3 100 8753425 2.015939470
1 34 3 100 5860554 2.016094703
149 74 3 100 73675 2.016159093
97 116 3 100 78624 2.016191613
112 170 3 100 6857 2.016198513
100 177 3 100 3981739 2.016200517
95 185 3 100 1135439 2.016252218
8 100 3 100 2317899 2.016256449
236 165 3 100 1958614 2.016316878
176 66 3 100 1806527 2.016323134
224 156 3 100 65282 2.016333221
48 206 3 100 16093 2.016416267
154 245 3 100 18636 2.016439728
107 125 3 100 1224073 2.016447834
9 27 3 100 6910543 2.016531974
58 220 3 100 3876964 2.016570541
49 190 3 100 21386 2.016632266
247 234 3 100 592842 2.016645651
25 209 3 100 49099 2.016666009
86 8 3 100 2664231 2.016667876
75 175 3 100 28386491 2.016719372
191 28 3 100 1007220 2.016725892
133 25 3 100 3258942 2.016763258
210 12 3 100 1552749 2.016764728
45 183 3 100 2210989 2.016768018
75 27 3 100 841472 2.016845036
143 124 3 100 15662 2.016896764
188 154 3 100 8000017 2.016910437
211 80 3 100 319838 2.016985789
92 198 3 100 2620197 2.016988497
213 191 3 100 38245 2.017047350
38 50 3 100 9056 2.017116352
227 105 3 100 56869 2.017121614
9 96 3 100 11225177 2.017137735
16 111 3 100 1919 2.017387853
212 251 3 100 16447373 2.017594536
20 144 3 100 44350 2.017744514
70 246 3 100 100162 2.017815584
201 126 3 100 2728518 2.017962922
197 221 3 100 1181063 2.017963967
253 182 3 100 76736 2.017996495
89 46 3 100 1424043 2.018058503
231 159 3 100 29567 2.018142826
143 175 3 100 6037 2.018255499
218 141 3 100 2001941 2.018338831
181 157 3 100 1125216 2.018484030
106 187 3 100 1062747 2.018549003
41 59 3 100 71507 2.018607913
11 145 3 100 25319 2.018617013
222 202 3 100 1542520 2.018634122
82 173 3 100 6581730 2.018638903
16 169 3 100 133495 2.018713690
28 250 3 100 5519097 2.018797867
170 91 3 100 1863 2.018922971
166 202 3 100 3896191 2.018932282
64 221 3 100 76666 2.018932793
121 125 3 100 6318 2.019121480
52 56 3 100 30391 2.019167272
202 246 3 100 8836 2.019174272
237 64 3 100 4832 2.019454616
29 1 3 100 6117887 2.019560688
132 94 3 100 77321 2.019592568
146 188 3 100 58109 2.019603581
124 41 3 100 182758 2.019624159
80 90 3 100 32677 2.019727497
216 247 3 100 7656 2.019907665
26 129 3 100 20956 2.019910006
253 53 3 100 11818596 2.019911149
210 158 3 100 4399055 2.019956431
207 98 3 100 119695 2.019973247
93 183 3 100 10049124 2.019998814
183 115 3 100 28977 2.020240850
30 166 3 100 1396066 2.020307201
210 220 3 100 9918 2.020409510
158 21 3 100 68236 2.020447073
124 114 3 100 78113 2.020548622
72 154 3 100 17696 2.020585523
198 218 3 100 182305 2.020648594
121 77 3 100 25883 2.020718167
255 12 3 100 2197080 2.020781973
160 57 3 100 39526 2.020786822
136 187 3 100 44181 2.020812290
226 172 3 100 58076 2.020906928
235 31 3 100 3737317 2.020953827
92 157 3 100 21371 2.020994185
217 158 3 100 48298 2.021010104
111 42 3 100 4287489 2.021039489
190 240 3 100 19980 2.021125958
83 234 3 100 4100474 2.021136559
135 242 3 100 241618 2.021317996
143 17 3 100 20348 2.021442434
167 182 3 100 56689 2.021451427
99 94 3 100 3803962 2.021715970
62 251 3 100 42666 2.021793197
220 84 3 100 38408 2.021867412
227 218 3 100 9773 2.021885254
130 28 3 100 494920 2.021923274
184 127 3 100 3235253 2.021937742
149 227 3 100 49866 2.021966352
141 209 3 100 2788 2.021976414
44 177 3 100 8211 2.022100422
246 190 3 100 42612 2.022108195
207 163 3 100 5857735 2.022169183
154 79 3 100 65320 2.022247505
60 104 3 100 7059637 2.022297517
61 93 3 100 4110499 2.022327330
48 147 3 100 63043 2.022353277
116 253 3 100 1246098 2.022371800
25 21 3 100 7514090 2.022628781
110 115 3 100 142789 2.022632962
220 238 3 100 3627199 2.022763296
166 183 3 100 293479 2.022881013
19 13 3 100 8703246 2.022919407
79 131 3 100 4710369 2.023063448
124 163 3 100 3470226 2.023144679
248 199 3 100 32011 2.023161090
100 89 3 100 33470 2.023209960
186 39 3 100 970798 2.023384398
31 242 3 100 2590 2.023393560
14 29 3 100 36587 2.023463222
242 163 3 100 22845 2.023506097
7 21 3 100 20566 2.023545578
23 224 3 100 3464 2.023548716
8 2 3 100 4534 2.023617303
27 221 3 100 21581 2.023631178
220 149 3 100 3415 2.023649382
20 244 3 100 1753920 2.023771688
170 203 3 100 66371 2.023780736
238 248 3 100 4116513 2.023826347
248 42 3 100 5516 2.023948902
99 187 3 100 91932 2.023957394
4 186 3 100 41704 2.024046302
26 124 3 100 15173 2.024056332
141 241 3 100 75939 2.024086997
131 10 3 100 41607 2.024101344
44 110 3 100 23804 2.024194546
200 26 3 100 27164 2.024334832
189 16 3 100 9842607 2.024356776
103 177 3 100 168382 2.024390212
32 154 3 100 21687 2.024507914
100 207 3 100 39935 2.024586992
122 140 3 100 106243 2.024628392
175 118 3 100 1606922 2.024633681
231 119 3 100 664660 2.024657603
228 156 3 100 1155465 2.024682716
30 90 3 100 4848 2.024696806
32 206 3 100 90343 2.024721844
108 85 3 100 2666953 2.024777866
33 246 3 100 63781 2.024953819
107 52 3 100 141259 2.025042167
81 161 3 100 62553 2.025099832
142 105 3 100 56544 2.025193604
106 87 3 100 11286 2.025387263
125 168 3 100 40435 2.025393679
113 41 3 100 1393540 2.025440516
186 135 3 100 230905 2.025450101
253 153 3 100 77576 2.025454247
223 225 3 100 21871 2.025508090
130 152 3 100 38436 2.025539386
152 254 3 100 21948 2.025551315
169 76 3 100 6964 2.025705108
175 86 3 100 66296 2.025732670
127 181 3 100 23531 2.025819174
27 225 3 100 48942 2.025927672
108 234 3 100 1078623 2.025931541
26 188 3 100 6528 2.026242982
84 112 3 100 16010 2.026282351
60 37 3 100 5395 2.026299821
16 90 3 100 977717 2.026338780
243 46 3 100 49247 2.026558704
100 110 3 100 50640 2.026646039
102 177 3 100 9746184 2.026670098
169 98 3 100 927972 2.026671020
187 252 3 100 1749750 2.026720787
125 239 3 100 455369 2.026752862
124 141 3 100 5687 2.026763082
209 234 3 100 33775 2.026846041
33 39 3 100 1769362 2.026857599
176 87 3 100 829929 2.026895432
237 131 3 100 76695 2.026908067
217 126 3 100 1968739 2.026909122
9 133 3 100 9827 2.026965944
191 28 3 100 257564 2.026993668
61 11 3 100 35016 2.027073243
136 25 3 100 75300 2.027093921
73 26 3 100 5439 2.027146066
61 104 3 100 21107 2.027273278
160 216 3 100 148244 2.027315944
173 107 3 100 734319 2.027368413
252 68 3 100 79590 2.027376401
3 238 3 100 2781691 2.027505788
47 17 3 100 6862948 2.027586361
221 31 3 100 63928 2.027589893
130 182 3 100 676940 2.027604294
205 69 3 100 629400 2.027661030
196 228 3 100 964626 2.027728374
11 193 3 100 4625 2.027800180
46 203 3 100 41505 2.027809144
78 9 3 100 164384 2.027836757
40 86 3 100 797066 2.027866345
130 189 3 100 8931 2.027948819
167 216 3 100 118779 2.027984002
46 106 3 100 3461 2.028013432
18 68 3 100 109018 2.028022770
103 140 3 100 1269835 2.028047768
147 231 3 100 48881 2.028048380
60 51 3 100 185437 2.028051812
2 165 3 100 20561 2.028085483
44 149 3 100 7420 2.028106798
115 140 3 100 36431 2.028174486
12 51 3 100 658125 2.028461570
239 6 3 100 306798 2.028473041
28 216 3 100 30183 2.028559368
251 252 3 100 6959436 2.028561704
93 103 3 100 177460 2.028660564
164 229 3 100 25668 2.028700512
151 167 3 100 2233 2.028789595
123 100 3 100 50738 2.028798184
167 249 3 100 34056 2.028894167
53 197 3 100 10075 2.028937701
253 247 3 100 51668 2.028948452
188 127 3 100 6308940 2.028952431
52 60 3 100 48716 2.029026884
228 18 3 100 2509098 2.029027030
57 109 3 100 17119 2.029054296
132 175 3 100 34031 2.029133693
97 132 3 100 812161 2.029228120
166 93 3 100 4893988 2.029230172
106 178 3 100 586005 2.029237217
85 58 3 100 185875 2.029259571
241 122 3 100 333770 2.029382785
219 198 3 100 3592014 2.029388234
70 19 3 100 9291621 2.029431920
197 193 3 100 55 2.029466866
243 38 3 100 963555 2.029577232
54 113 3 100 4957942 2.029597128
125 71 3 100 4951827 2.029609659
4 136 3 100 19148 2.029719413
65 9 3 100 8011 2.029729875
11 52 3 100 7385 2.029887995
69 118 3 100 20639 2.030206890
177 19 3 100 7678543 2.030273021
106 185 3 100 10425 2.030348053
207 63 3 100 14613 2.030367530
160 54 3 100 21379 2.030424961
144 38 3 100 853157 2.030435634
73 107 3 100 5351 2.030541362
193 226 3 100 35653 2.030577511
133 187 3 100 9752877 2.030596199
37 20 3 100 22421579 2.030625948
96 250 3 100 23171 2.030648969
211 6 3 100 20288 2.030719564
210 201 3 100 20712 2.030767613
171 91 3 100 1203 2.030782726
78 148 3 100 69434 2.030795523
65 156 3 100 8052939 2.030824329
146 8 3 100 1917 2.030999124
10 146 3 100 47263 2.031112148
221 207 3 100 125594 2.031175957
126 107 3 100 4554 2.031260464
250 178 3 100 79748 2.031268165
56 232 3 100 25733 2.031278733
195 149 3 100 1204377 2.031331268
25 225 3 100 3144621 2.031332354
180 61 3 100 17138 2.031342182
33 96 3 100 510404 2.031429239
80 38 3 100 3780 2.031465300
14 245 3 100 28840 2.031519938
88 68 3 100 1230873 2.031537585
136 5 3 100 598510 2.031565897
159 38 3 100 21759 2.031703924
103 69 3 100 1072750 2.031740323
102 159 3 100 1866 2.031744199
106 231 3 100 43465 2.031792715
150 53 3 100 37618 2.031804592
204 246 3 100 745707 2.031869455
188 226 3 100 27736 2.031916980
134 55 3 100 2117 2.031924961
103 127 3 100 238521 2.031947073
240 235 3 100 2476598 2.031949359
63 98 3 100 15915 2.031957766
50 25 3 100 5163403 2.031961831
24 63 3 100 614408 2.032000502
97 131 3 100 399315 2.032045516
132 192 3 100 9193240 2.032073477
140 3 3 100 2565381 2.032150664
103 125 3 100 260575 2.032168776
13 203 3 100 1791618 2.032234539
119 60 3 100 25716 2.032289823
151 42 3 100 5456003 2.032334809
23 83 3 100 8129864 2.032454065
46 140 3 100 5793 2.032596435
64 92 3 100 1649796 2.032628501
13 29 3 100 54178 2.032702650
138 28 3 100 448 2.032744064
172 44 3 100 6760447 2.032822516
38 9 3 100 1824668 2.032888773
238 152 3 100 21901 2.032892762
162 210 3 100 8900 2.032973139
91 10 3 100 2506 2.032985921
29 1 3 100 21609 2.032995381
181 229 3 100 1952583 2.033023811
82 54 3 100 73535 2.033103499
194 189 3 100 1578216 2.033126384
131 38 3 100 28362 2.033181213
71 185 3 100 49924 2.033191394
188 229 3 100 26669770 2.033202656
42 94 3 100 15036 2.033267170
80 78 3 100 1561778 2.033334176
135 177 3 100 76783 2.033336893
178 174 3 100 151685 2.033343081
87 221 3 100 996171 2.033532180
8 101 3 100 74201 2.033602116
17 241 3 100 2016 2.033605020
118 176 3 100 55186 2.033646034
247 204 3 100 52971 2.033667447
30 9 3 100 907618 2.033736885
101 149 3 100 12321008 2.033794729
87 120 3 100 47981 2.033901261
196 163 3 100 7766280 2.033919667
244 32 3 100 1828047 2.033925566
180 111 3 100 2040556 2.033964808
242 215 3 100 8320201 2.033984747
164 17 3 100 4790733 2.034014309
10 102 3 100 5847112 2.034085142
175 221 3 100 2825027 2.034102785
41 161 3 100 6114680 2.034188822
128 140 3 100 117425 2.034209372
127 36 3 100 3595892 2.034227505
52 254 3 100 59886 2.034253356
78 252 3 100 62588 2.034262796
111 177 3 100 194428 2.034325093
247 220 3 100 21967522 2.034333593
216 174 3 100 41771 2.034344119
214 70 3 100 6983 2.034435560
190 55 3 100 3089106 2.034453015
27 137 3 100 2409967 2.034545764
103 39 3 100 7877 2.034573306
210 23 3 100 50520 2.034631664
242 27 3 100 611160 2.034652700
33 60 3 100 5723035 2.034701036
54 21 3 100 170183 2.034752109
70 177 3 100 8441 2.034753140
92 190 3 100 85992 2.034765244
4 213 3 100 187339 2.034812896
130 95 3 100 44622 2.034849036
140 72 3 100 227259 2.034910357
227 118 3 100 4911 2.034959808
75 140 3 100 855450 2.035049978
55 143 3 100 1795971 2.035132670
96 167 3 100 923589 2.035149737
111 128 3 100 344780 2.035156143
156 10 3 100 166674 2.035163118
16 88 3 100 1335981 2.035350868
110 243 3 100 2628434 2.035465878
255 184 3 100 53019 2.035486625
195 101 3 100 37981 2.035507746
109 41 3 100 45894 2.035698170
53 23 3 100 54771 2.035743638
20 84 3 100 3110410 2.035801961
84 114 3 100 18227 2.035821671
102 38 3 100 4645 2.035843908
180 190 3 100 2601989 2.035886812
166 34 3 100 975241 2.036002733
231 202 3 100 57247 2.036004413
32 227 3 100 1415 2.036076353
215 0 3 100 76184 2.036077288
174 195 3 100 394795 2.036088763
212 223 3 100 2566 2.036092146
20 140 3 100 27091 2.036096889
45 170 3 100 8360 2.036121243
1 75 3 100 29103 2.036136028
233 208 3 100 1913547 2.036162079
238 0 3 100 70615 2.036189476
243 187 3 100 97150 2.036192857
241 98 3 100 29578 2.036333341
95 37 3 100 1074083 2.036372876
107 222 3 100 1456080 2.036466561
242 69 3 100 103404 2.036480006
90 190 3 100 49857 2.036481068
202 200 3 100 1192017 2.036665844
70 191 3 100 679197 2.036716235
57 96 3 100 8074 2.036763773
58 82 3 100 3030768 2.036777552
94 193 3 100 433175 2.036860037
248 46 3 100 1891 2.036881345
60 148 3 100 710630 2.037062304
69 126 3 100 29108 2.037093183
12 79 3 100 58909 2.037146504
233 241 3 100 2229146 2.037182303
127 136 3 100 64017 2.037221573
114 80 3 100 20992 2.037248224
84 10 3 100 211503 2.037304752
103 117 3 100 1140 2.037541697
167 195 3 100 2007 2.037575651
251 253 3 100 66494 2.037602311
43 139 3 100 25795 2.037605568
132 207 3 100 108358 2.037632887
243 30 3 100 8184721 2.037748187
84 164 3 100 6710 2.037762573
234 191 3 100 59072 2.037783677
11 39 3 100 30881 2.037963318
95 152 3 100 8224734 2.037967053
63 67 3 100 8895941 2.037983900
92 255 3 100 67739 2.037987405
44 131 3 100 49882 2.038007320
62 172 3 100 41064 2.038033200
78 250 3 100 44728 2.038102444
163 170 3 100 8811067 2.038112357
96 171 3 100 6296 2.038201853
49 180 3 100 64529 2.038285893
52 80 3 100 8701315 2.038300310
102 53 3 100 1101867 2.038416304
63 102 3 100 515759 2.038435070
79 19 3 100 748 2.038500189
254 174 3 100 25072 2.038517027
121 133 3 100 707290 2.038724929
44 0 3 100 1390519 2.038818291
42 31 3 100 43179 2.038832681
170 196 3 100 31570 2.038892286
241 10 3 100 4928992 2.038937384
5 85 3 100 122637 2.039024201
234 204 3 100 9012 2.039069438
162 110 3 100 50203 2.039074470
110 71 3 100 70599 2.039142643
181 48 3 100 1837069 2.039158047
31 56 3 100 4343 2.039197034
18 66 3 100 61985 2.039279678
247 38 3 100 5560 2.039392725
145 183 3 100 33567 2.039451138
37 205 3 100 5043 2.039460226
61 71 3 100 160346 2.039475075
232 73 3 100 6195 2.039490353
151 137 3 100 1709 2.039521604
23 238 3 100 112977 2.039527936
130 136 3 100 58961 2.039740875
36 0 3 100 9822 2.039797728
147 103 3 100 21970273 2.039832601
240 161 3 100 12237 2.039840465
136 145 3 100 5441 2.040077801
245 163 3 100 108529 2.040110857
78 245 3 100 7668118 2.040136746
165 95 3 100 42304 2.040146274
88 145 3 100 7872 2.040184621
154 58 3 100 7093 2.040197482
29 72 3 100 48148 2.040215622
103 105 3 100 78380 2.040244446
130 225 3 100 24901333 2.040250538
151 228 3 100 159669 2.040336584
226 247 3 100 58304 2.040355721
118 234 3 100 62293 2.040376058
142 98 3 100 72745 2.040484050
242 99 3 100 202757 2.040491872
41 146 3 100 3942101 2.040499282
57 216 3 100 8098462 2.040511025
229 152 3 100 16198022 2.040606073
170 27 3 100 2066908 2.040642987
199 244 3 100 38386 2.040707520
73 32 3 100 122967 2.040794210
181 252 3 100 1078112 2.040849540
25 183 3 100 40215 2.040883947
93 101 3 100 2189018 2.040888232
57 181 3 100 606452 2.040895844
113 141 3 100 3638640 2.040943054
168 122 3 100 3567 2.040954824
170 249 3 100 57559 2.040957971
220 33 3 100 141256 2.041013100
177 255 3 100 94635 2.041075995
58 151 3 100 3941 2.041098307
17 242 3 100 7776 2.041168535
187 232 3 100 9576 2.041226768
167 80 3 100 3853 2.041243779
146 229 3 100 521265 2.041286674
52 34 3 100 104811 2.041303267
236 82 3 100 60678 2.041540973
201 105 3 100 184050 2.041706563
241 215 3 100 649563 2.041719121
55 164 3 100 19250 2.041744972
79 35 3 100 7407 2.041815948
21 109 3 100 22262 2.041831846
38 82 3 100 1263811 2.041928627
248 129 3 100 464044 2.041955382
150 65 3 100 13295 2.042000993
91 208 3 100 39009 2.042012763
223 121 3 100 181707 2.042030032
191 28 3 100 80285 2.042194613
42 55 3 100 5362 2.042351318
170 15 3 100 1557384 2.042364203
12 143 3 100 2184619 2.042422468
83 86 3 100 1797729 2.042502442
23 175 3 100 39116 2.042513479
196 176 3 100 31239 2.042544975
118 221 3 100 102231 2.042556350
129 172 3 100 470 2.042593806
223 247 3 100 59092 2.042599781
143 128 3 100 1957352 2.042638280
97 107 3 100 613353 2.042648893
62 237 3 100 6752 2.042692837
57 149 3 100 34565 2.042702042
63 255 3 100 701330 2.042808134
225 230 3 100 35996 2.042855637
57 30 3 100 22159 2.042915451
187 32 3 100 2236286 2.043108443
148 199 3 100 330066 2.043273055
41 231 3 100 2722080 2.043281092
122 10 3 100 89138 2.043324084
106 170 3 100 9653 2.043390745
157 205 3 100 19692024 2.043459231
164 78 3 100 4916 2.043514012
21 68 3 100 524959 2.043523712
165 14 3 100 186875 2.043581338
54 3 3 100 172475 2.043681006
26 139 3 100 5524622 2.043743059
35 72 3 100 42107 2.043806800
244 101 3 100 9437616 2.043864864
116 30 3 100 3615 2.043986139
214 118 3 100 913258 2.044005110
170 187 3 100 3659953 2.044099055
197 149 3 100 31506 2.044121451
129 212 3 100 2866887 2.044163573
176 26 3 100 9461 2.044192985
105 65 3 100 7412 2.044232694
5 247 3 100 34840 2.044275849
195 168 3 100 2811121 2.044298924
142 44 3 100 778521 2.044455335
229 102 3 100 55545 2.044551469
96 36 3 100 1277745 2.044696299
56 5 3 100 41885 2.044745725
180 27 3 100 9938 2.044772917
108 24 3 100 1546021 2.044882015
198 67 3 100 1665852 2.044896518
187 72 3 100 1806 2.044935835
85 156 3 100 882982 2.044999641
130 162 3 100 1299366 2.045036232
94 74 3 100 3536 2.045049529
162 108 3 100 3650 2.045152709
24 68 3 100 4695269 2.045239685
20 85 3 100 4454 2.045279846
112 157 3 100 12170 2.045370693
68 77 3 100 16999 2.045388527
30 86 3 100 21613 2.045406362
217 159 3 100 8674969 2.045448217
216 145 3 100 31435 2.045472412
2 192 3 100 7120529 2.045478489
91 24 3 100 58002 2.045515505
213 45 3 100 9053879 2.045577552
225 151 3 100 19029 2.045587668
30 77 3 100 1108797 2.045606098
219 136 3 100 1209502 2.045610622
190 221 3 100 1604 2.045723230
78 11 3 100 3618137 2.045739481
230 55 3 100 3996815 2.045811874
216 97 3 100 514738 2.045888173
71 164 3 100 9898 2.045960584
171 244 3 100 7642 2.046012956
5 89 3 100 3070 2.046014125
82 137 3 100 35508 2.046057176
125 202 3 100 127986 2.046144369
68 198 3 100 61705 2.046179569
159 231 3 100 2994 2.046240642
234 222 3 100 9876377 2.046283494
119 25 3 100 35794 2.046308639
137 235 3 100 7813 2.046448470
183 139 3 100 74336 2.046486432
39 139 3 100 827414 2.046532634
126 9 3 100 602794 2.046545645
251 125 3 100 4156 2.046629917
105 210 3 100 13220956 2.046675574
108 206 3 100 2432996 2.046738261
186 65 3 100 3510706 2.046750087
175 141 3 100 96076 2.046755542
216 237 3 100 1191488 2.046973167
173 220 3 100 21499841 2.046989088
122 141 3 100 23563 2.046990534
186 79 3 100 10131 2.047035569
49 105 3 100 23589 2.047036261
50 194 3 100 23510 2.047050663
106 26 3 100 23305 2.047237045
245 146 3 100 2703246 2.047254045
116 251 3 100 2661820 2.047329257
70 217 3 100 299509 2.047349200
78 2 3 100 10844272 2.047407979
178 154 3 100 74598 2.047424796
176 177 3 100 7257392 2.047441006
112 200 3 100 107965 2.047481869
59 1 3 100 1518497 2.047549059
89 17 3 100 288622 2.047549443
83 142 3 100 22801 2.047693321
8 148 3 100 4779174 2.047745119
51 36 3 100 54009 2.047751301
231 221 3 100 5642873 2.047759758
237 207 3 100 122519 2.047799307
166 19 3 100 51545 2.047804999
230 3 3 100 25952 2.047859138
86 238 3 100 971537 2.047914057
27 147 3 100 142874 2.048042896
161 31 3 100 62604 2.048122581
203 65 3 100 2836 2.048131858
192 88 3 100 670732 2.048157631
4 196 3 100 6430229 2.048233896
161 74 3 100 196094 2.048392294
147 75 3 100 5444144 2.048398630
224 248 3 100 28553 2.048597144
254 76 3 100 897825 2.048614510
198 227 3 100 939499 2.048686594
149 240 3 100 44582 2.048742649
105 149 3 100 42145 2.048862143
37 32 3 100 17270 2.048957349
240 148 3 100 61703 2.049063267
151 72 3 100 106013 2.049128421
77 238 3 100 1418818 2.049140404
57 206 3 100 9729909 2.049154722
173 54 3 100 31015 2.049208737
24 178 3 100 31605 2.049239924
69 6 3 100 64997 2.049378624
132 100 3 100 9422527 2.049522006
78 180 3 100 4997083 2.049534119
40 186 3 100 27142 2.049551849
34 0 3 100 17669 2.049607765
187 66 3 100 5726691 2.049660975
224 56 3 100 1551875 2.049750295
52 111 3 100 990559 2.049812862
127 194 3 100 918 2.049885292
57 250 3 100 27488 2.049918459
122 53 3 100 11372521 2.049975024
138 227 3 100 4066 2.050025683
88 97 3 100 2516419 2.050032440
223 255 3 100 32914 2.050166628
52 30 3 100 52823 2.050198908
182 128 3 100 9093229 2.050207884
211 144 3 100 50244 2.050388309
245 243 3 100 41605 2.050499012
154 23 3 100 1322227 2.050508364
21 248 3 100 3451059 2.050518349
208 137 3 100 45887 2.050547615
142 23 3 100 15722 2.050567888
234 219 3 100 36848 2.050738735
134 173 3 100 7430 2.050772220
167 87 3 100 563 2.050817577
104 182 3 100 6078 2.050903718
53 113 3 100 6851 2.050912122
51 24 3 100 2682227 2.050941640
235 155 3 100 2501 2.051051036
18 146 3 100 759 2.051063577
195 44 3 100 52796 2.051112804
32 37 3 100 435524 2.051159158
209 143 3 100 12687 2.051491920
136 103 3 100 795098 2.051542573
219 4 3 100 12898 2.051652698
98 247 3 100 1380170 2.051680457
140 88 3 100 23594 2.051685661
143 122 3 100 1101393 2.051753814
52 38 3 100 3854386 2.051762802
153 65 3 100 9146 2.051781804
157 241 3 100 29938207 2.051843857
155 38 3 100 888 2.051853629
58 112 3 100 1875961 2.052022538
84 177 3 100 52541 2.052027930
24 107 3 100 209426 2.052034440
167 87 3 100 25493 2.052041800
174 165 3 100 2813 2.052156031
25 11 3 100 2822009 2.052172558
244 105 3 100 4628 2.052191058
197 91 3 100 4515 2.052200251
232 90 3 100 9107473 2.052407313
89 56 3 100 43756 2.052436513
236 151 3 100 3484702 2.052466990
22 196 3 100 30856 2.052522806
164 154 3 100 3504 2.052597142
72 13 3 100 447998 2.052612892
59 37 3 100 1959548 2.052825884
172 6 3 100 1277 2.052837460
75 33 3 100 42249 2.052906300
16 237 3 100 5360582 2.052949148
158 178 3 100 9062477 2.053102374
84 198 3 100 5796 2.053238766
252 35 3 100 4280198 2.053296811
94 234 3 100 1687668 2.053426930
166 226 3 100 6705 2.053475409
55 207 3 100 20441 2.053494869
187 189 3 100 1258798 2.053526820
225 22 3 100 37609 2.053549125
91 22 3 100 20317 2.053571490
171 40 3 100 1175113 2.053573604
186 210 3 100 1634 2.053581180
169 224 3 100 16556 2.053585890
216 250 3 100 637602 2.053770565
153 62 3 100 37654 2.053921665
187 193 3 100 54737 2.054120213
179 169 3 100 22462 2.054125347
40 89 3 100 3802 2.054125987
150 157 3 100 17152597 2.054181312
118 7 3 100 796195 2.054233726
252 221 3 100 9241 2.054412171
149 29 3 100 29530 2.054512819
205 82 3 100 1896 2.054546124
47 53 3 100 3249 2.054546289
96 52 3 100 874155 2.054638780
161 98 3 100 42863 2.054768982
239 104 3 100 17685 2.054797347
70 39 3 100 4165551 2.054822848
95 41 3 100 1517875 2.054849033
123 89 3 100 26428176 2.054893711
179 76 3 100 2215193 2.054946938
20 2 3 100 4224 2.055015046
43 80 3 100 2332 2.055050852
80 86 3 100 25557 2.055070161
207 71 3 100 21166 2.055176238
224 168 3 100 31007 2.055195662
102 38 3 100 681201 2.055215901
134 25 3 100 3374 2.055228136
35 227 3 100 69752 2.055275123
202 154 3 100 50428 2.055315601
84 63 3 100 5271 2.055331325
101 172 3 100 5221 2.055361895
4 209 3 100 37189 2.055440192
122 44 3 100 5426 2.055514197
141 226 3 100 177850 2.055524777
91 148 3 100 60874 2.055525929
63 113 3 100 4699363 2.055600340
125 113 3 100 33926 2.055608141
69 248 3 100 8184 2.055640063
131 93 3 100 22382 2.055659200
234 232 3 100 16133752 2.055734931
158 138 3 100 18827 2.055768169
190 78 3 100 3382564 2.055848406
197 39 3 100 8855 2.055851823
48 179 3 100 58929 2.055883321
176 198 3 100 79942 2.055964705
197 16 3 100 18292031 2.056008851
91 209 3 100 8299 2.056194887
84 145 3 100 2533813 2.056206073
135 210 3 100 22883 2.056244028
170 213 3 100 226637 2.056294761
35 235 3 100 78841 2.056316117
147 249 3 100 75452 2.056331418
180 166 3 100 1545131 2.056554013
71 252 3 100 104774 2.056605760
137 162 3 100 26310783 2.056632245
134 104 3 100 29205 2.056659956
43 99 3 100 56657 2.056691561
252 172 3 100 46949 2.056697465
46 12 3 100 10271 2.056708259
32 23 3 100 7838788 2.056726691
150 231 3 100 52762 2.056777176
50 242 3 100 24906 2.056800575
161 82 3 100 32958 2.056853913
128 241 3 100 5736 2.056895222
63 32 3 100 1858873 2.056902938
241 45 3 100 36613 2.057006290
18 177 3 100 18819418 2.057020930
17 44 3 100 25861 2.057039980
56 145 3 100 10390 2.057198177
51 118 3 100 2407990 2.057211609
12 64 3 100 990905 2.057246667
173 89 3 100 279129 2.057256396
95 151 3 100 36890 2.057259560
231 77 3 100 32290 2.057297778
55 45 3 100 59879 2.057382389
72 103 3 100 6534 2.057524148
215 175 3 100 60431 2.057546068
59 245 3 100 4892657 2.057588634
196 104 3 100 6809898 2.057589798
37 250 3 100 4345874 2.057596948
51 23 3 100 238349 2.057623981
246 19 3 100 4048449 2.057722362
53 65 3 100 23083 2.057920485
75 101 3 100 10795 2.058153046
127 247 3 100 7383222 2.058167011
190 98 3 100 39128 2.058296600
140 76 3 100 21663 2.058373984
192 128 3 100 9220923 2.058420404
77 137 3 100 3833452 2.058431273
58 228 3 100 72411 2.058432442
14 8 3 100 70437 2.058531705
159 160 3 100 69070 2.058586583
234 120 3 100 1692825 2.058626641
252 33 3 100 2671 2.058637535
164 156 3 100 29854 2.058716022
38 238 3 100 11064 2.058722462
40 232 3 100 35333 2.058917278
153 76 3 100 15915 2.058993236
128 8 3 100 6406 2.059011829
221 77 3 100 474595 2.059013747
100 38 3 100 135 2.059024047
13 247 3 100 135718 2.059098439
28 126 3 100 9771237 2.059130953
170 84 3 100 3463010 2.059219838
235 194 3 100 22217066 2.059270751
235 116 3 100 51044 2.059285458
145 8 3 100 22310 2.059317131
141 12 3 100 15016 2.059354858
180 218 3 100 26689 2.059359165
76 161 3 100 1013568 2.059595543
55 163 3 100 1162117 2.059597949
83 236 3 100 16728553 2.059646663
52 140 3 100 7327 2.059831495
148 128 3 100 9345 2.059835290
163 45 3 100 5144282 2.059857938
159 73 3 100 4491569 2.059874390
87 38 3 100 67002 2.059915670
38 152 3 100 3842 2.060029748
77 246 3 100 6079142 2.060080694
132 226 3 100 1546465 2.060206025
184 90 3 100 1235952 2.060476981
142 192 3 100 14023985 2.060477786
142 154 3 100 11169 2.060484158
205 211 3 100 1395 2.060488511
57 169 3 100 653968 2.060516425
183 27 3 100 16219786 2.060628690
247 142 3 100 1007438 2.060648421
207 71 3 100 4440305 2.060653874
157 224 3 100 40037 2.060678137
162 131 3 100 43730 2.060966514
235 136 3 100 2052701 2.060973490
225 20 3 100 25496 2.060988397
14 177 3 100 58684 2.060988934
132 190 3 100 43718 2.061085308
59 30 3 100 54408 2.061126566
227 87 3 100 18643457 2.061142298
9 55 3 100 15824 2.061271585
95 159 3 100 76527 2.061404200
34 49 3 100 58853 2.061423243
223 158 3 100 2334906 2.061464840
247 34 3 100 53685 2.061468548
160 187 3 100 22667 2.061594771
125 198 3 100 3893 2.061635056
110 26 3 100 35631 2.061711856
241 238 3 100 64872 2.061724635
152 185 3 100 289168 2.061789281
235 47 3 100 1470628 2.061790109
149 107 3 100 1006087 2.061831357
180 232 3 100 22079 2.061908398
217 230 3 100 251 2.061996151
18 104 3 100 29193722 2.062034473
80 105 3 100 15586 2.062054958
195 2 3 100 1286780 2.062146189
138 144 3 100 92180 2.062163934
133 39 3 100 5359143 2.062200707
11 8 3 100 2993 2.062232967
153 135 3 100 2132 2.062272995
91 234 3 100 50183 2.062284730
100 134 3 100 1517023 2.062384428
161 180 3 100 4787082 2.062395017
131 11 3 100 1834449 2.062463883
66 197 3 100 4760 2.062464307
177 47 3 100 1170 2.062485031
65 241 3 100 1180480 2.062524445
228 243 3 100 11507798 2.062621829
34 140 3 100 4036890 2.062646215
245 61 3 100 29950 2.062712879
106 52 3 100 5579 2.062723941
27 32 3 100 5187 2.062815685
33 140 3 100 1524019 2.063056759
52 141 3 100 23479 2.063078383
202 0 3 100 5639 2.063186606
63 154 3 100 49478 2.063194844
152 86 3 100 298210 2.063274983
130 39 3 100 558265 2.063297407
198 249 3 100 38047 2.063357975
253 153 3 100 61530 2.063362449
58 178 3 100 655304 2.063493805
95 114 3 100 1288736 2.063553635
72 77 3 100 57550 2.063643614
22 172 3 100 8940091 2.063750649
170 50 3 100 926792 2.063763746
209 119 3 100 5159 2.063816829
43 147 3 100 12622 2.063825656
207 153 3 100 79456 2.063831933
37 185 3 100 52114 2.063911871
134 213 3 100 20630 2.063917889
185 26 3 100 1962729 2.063946000
231 214 3 100 7588 2.063962766
242 148 3 100 77443 2.064109729
174 52 3 100 21944516 2.064130834
176 238 3 100 71240 2.064134751
22 238 3 100 1964557 2.064141444
61 203 3 100 15497 2.064146522
114 82 3 100 31192 2.064185052
77 233 3 100 3559340 2.064304039
155 242 3 100 2088 2.064329075
112 48 3 100 58128 2.064372367
81 59 3 100 2179189 2.064423913
120 224 3 100 21065 2.064501350
181 146 3 100 30811 2.064546952
212 140 3 100 172130 2.064588027
65 72 3 100 1556925 2.064861000
47 250 3 100 41204 2.064984032
22 8 3 100 82005 2.065092781
230 212 3 100 1313 2.065149442
187 202 3 100 3504357 2.065152885
103 51 3 100 8719667 2.065221757
190 13 3 100 724623 2.065243779
27 225 3 100 21049 2.065339313
168 205 3 100 26601 2.065351294
40 168 3 100 32094 2.065441341
11 78 3 100 2803 2.065462474
77 47 3 100 6126 2.065475413
13 251 3 100 3251271 2.065764238
242 109 3 100 74811 2.065779491
47 166 3 100 76396 2.065838035
150 95 3 100 9293 2.065891997
221 125 3 100 582 2.066122549
149 205 3 100 61951 2.066135089
239 227 3 100 6408 2.066186485
215 171 3 100 25353 2.066259252
204 221 3 100 156321 2.066378433
127 191 3 100 1955375 2.066380416
234 95 3 100 19891029 2.066395455
150 153 3 100 4976 2.066467986
203 252 3 100 8616506 2.066472494
228 127 3 100 1294570 2.066481123
205 140 3 100 1071035 2.066529532
166 67 3 100 42771 2.066564557
60 214 3 100 2955195 2.066671227
85 53 3 100 882831 2.066919406
34 155 3 100 782065 2.066979045
53 71 3 100 23422 2.067078226
182 173 3 100 17820 2.067096090
205 224 3 100 33850 2.067123396
14 86 3 100 15161676 2.067135895
71 153 3 100 14309 2.067158321
70 19 3 100 435758 2.067164851
44 50 3 100 28930 2.067221790
177 1 3 100 47783 2.067307951
207 130 3 100 247500 2.067313111
229 73 3 100 6002774 2.067325901
150 226 3 100 15025 2.067386528
91 70 3 100 9553 2.067415024
132 115 3 100 6822 2.067462861
73 67 3 100 47087 2.067534753
222 228 3 100 246679 2.067689912
33 237 3 100 1960795 2.067736190
245 173 3 100 728767 2.067736691
70 60 3 100 58887 2.067810527
77 111 3 100 28801 2.067833104
77 109 3 100 2457801 2.067840266
247 229 3 100 6371023 2.067875553
47 101 3 100 27388125 2.067946980
207 173 3 100 20343 2.067994666
163 216 3 100 351373 2.067999165
228 88 3 100 29114 2.068046322
171 62 3 100 4591353 2.068073140
7 158 3 100 171202 2.068087816
181 65 3 100 50883 2.068279092
90 205 3 100 39339 2.068297206
111 146 3 100 14960 2.068395938
16 134 3 100 6193568 2.068534404
239 212 3 100 7052 2.068575888
60 98 3 100 1704756 2.068617978
30 170 3 100 1596010 2.068631568
147 62 3 100 11239 2.068699595
44 181 3 100 7181 2.068701017
113 48 3 100 3868836 2.068720731
248 30 3 100 1313064 2.068751677
84 163 3 100 15284333 2.068788860
103 179 3 100 25497 2.068848546
127 22 3 100 62866 2.068906073
0 212 3 100 141926 2.068917091
180 140 3 100 5737 2.068966166
8 198 3 100 9365 2.069160416
121 76 3 100 12541807 2.069207929
5 239 3 100 154882 2.069448308
24 72 3 100 23982 2.069453619
33 180 3 100 35085 2.069454302
116 9 3 100 6948293 2.069495217
39 240 3 100 53778 2.069546843
202 193 3 100 53549 2.069599214
161 110 3 100 1680315 2.069683290
105 119 3 100 1752266 2.069765024
248 200 3 100 23661 2.069808549
7 211 3 100 3900 2.069869569
69 26 3 100 19991 2.069882706
209 115 3 100 155817 2.069953285
191 165 3 100 59312 2.070151742
175 241 3 100 63432 2.070152807
71 5 3 100 8898999 2.070200965
50 240 3 100 10687 2.070208475
243 80 3 100 128041 2.070242760
105 184 3 100 4781628 2.070305103
75 159 3 100 16751 2.070338212
7 75 3 100 9553929 2.070389788
179 248 3 100 5009312 2.070448597
81 222 3 100 4998 2.070466461
248 109 3 100 2976932 2.070493715
0 61 3 100 1258769 2.070646232
247 23 3 100 8229 2.070660291
112 205 3 100 9875 2.070703807
171 95 3 100 6917269 2.070719655
188 99 3 100 136851 2.070802077
71 118 3 100 9533 2.070807230
124 94 3 100 44460 2.070998914
170 115 3 100 2501977 2.071230720
226 203 3 100 29487 2.071234803
150 13 3 100 4515250 2.071307512
121 75 3 100 9948352 2.071333922
219 48 3 100 3045 2.071335735
182 193 3 100 30621 2.071346195
182 83 3 100 27589 2.071383580
131 232 3 100 3273847 2.071441829
118 23 3 100 28755231 2.071593513
225 97 3 100 58164 2.071601792
140 79 3 100 4121932 2.071611049
248 255 3 100 39224 2.071632714
223 130 3 100 1819 2.071653913
5 169 3 100 32083 2.071725349
198 11 3 100 1273 2.071787204
66 112 3 100 1114623 2.071833747
203 67 3 100 155341 2.071953557
237 93 3 100 16960 2.071988110
179 151 3 100 766072 2.071993213
152 163 3 100 4811179 2.071996153
210 156 3 100 9695 2.072016129
38 35 3 100 64649 2.072112621
100 238 3 100 399717 2.072148795
231 178 3 100 2026994 2.072163018
111 7 3 100 29430 2.072395755
142 201 3 100 67750 2.072422096
75 45 3 100 55472 2.072512849
79 141 3 100 62017 2.072621744
215 217 3 100 36962 2.072635960
46 64 3 100 16658 2.072667505
128 119 3 100 1618721 2.072713400
153 18 3 100 58267 2.072824432
148 80 3 100 1868363 2.072844956
201 197 3 100 333700 2.072972369
196 131 3 100 22839 2.073003885
28 217 3 100 4264391 2.073011227
234 144 3 100 3190253 2.073067017
89 135 3 100 1760033 2.073082570
229 95 3 100 2374666 2.073113148
77 73 3 100 29122 2.073160520
184 37 3 100 6938 2.073165191
162 151 3 100 5273737 2.073266382
189 52 3 100 1326671 2.073277957
105 248 3 100 25901 2.073301445
25 255 3 100 9941006 2.073319498
224 159 3 100 2449 2.073331900
52 22 3 100 2533918 2.073350124
209 42 3 100 1054078 2.073483432
193 115 3 100 20341 2.073517869
131 255 3 100 28958 2.073552918
104 123 3 100 94773 2.073584977
15 207 3 100 70128 2.073613419
150 205 3 100 7057103 2.073792137
238 65 3 100 20518 2.073803797
210 19 3 100 14976 2.073839297
210 246 3 100 423310 2.073915483
66 125 3 100 259598 2.073934922
199 208 3 100 994133 2.073980211
140 62 3 100 116347 2.074056482
254 33 3 100 4260959 2.074144786
196 110 3 100 2986 2.074188625
46 242 3 100 17012271 2.074282123
181 56 3 100 27224142 2.074289886
247 31 3 100 50677 2.074299837
182 229 3 100 1805607 2.074469762
16 233 3 100 5818499 2.074531636
3 42 3 100 1877677 2.074585051
14 215 3 100 9790119 2.074639850
135 215 3 100 183026 2.074652365
148 67 3 100 1520161 2.074687968
208 134 3 100 20045214 2.074698987
156 217 3 100 2546496 2.074706845
8 26 3 100 4590 2.074772310
250 93 3 100 12842 2.074787609
9 16 3 100 79728 2.074855346
28 229 3 100 20365 2.074900649
187 109 3 100 63147 2.074904412
170 227 3 100 19954 2.074919664
218 79 3 100 9403426 2.074946135
188 42 3 100 7207 2.074982051
184 229 3 100 25882 2.075037240
160 100 3 100 456 2.075055624
225 92 3 100 21222 2.075126542
100 156 3 100 29867082 2.075277523
87 144 3 100 1272 2.075311020
158 150 3 100 57027 2.075316077
184 181 3 100 27654 2.075322654
132 229 3 100 41733 2.075352519
163 206 3 100 3729209 2.075413558
224 131 3 100 59070 2.075471753
118 145 3 100 797733 2.075555501
93 18 3 100 1844945 2.075616275
203 247 3 100 6245509 2.075754858
230 219 3 100 10244 2.075884898
31 162 3 100 62080 2.075917425
68 18 3 100 2124276 2.076023283
219 52 3 100 33617 2.076025244
111 83 3 100 146626 2.076108826
213 172 3 100 10221 2.076140063
140 217 3 100 65473 2.076140225
179 62 3 100 1073746 2.076213252
137 97 3 100 7530455 2.076264921
123 180 3 100 53976 2.076278109
39 186 3 100 9400607 2.076403094
218 161 3 100 49492 2.076491074
81 136 3 100 4697019 2.076491750
27 77 3 100 25825 2.076532151
174 64 3 100 12673 2.076643988
55 76 3 100 564247 2.076667726
50 178 3 100 9309 2.076756534
11 101 3 100 15047 2.076757705
191 35 3 100 26465 2.076898020
110 22 3 100 170581 2.076908769
90 136 3 100 2012876 2.076932678
49 184 3 100 15838 2.076940546
185 39 3 100 63203 2.076977677
37 200 3 100 122940 2.077128914
37 12 3 100 4895 2.077238622
6 207 3 100 6203 2.077260355
122 75 3 100 2823 2.077335325
44 122 3 100 413953 2.077373929
11 130 3 100 1258554 2.077608674
153 49 3 100 8968 2.077728959
97 72 3 100 45633 2.077756212
33 60 3 100 74401 2.077800027
92 70 3 100 65209 2.077953988
34 207 3 100 3885004 2.078020678
120 164 3 100 630963 2.078045936
170 157 3 100 4168010 2.078089475
20 110 3 100 60626 2.078172930
112 104 3 100 25885 2.078227468
191 109 3 100 24840 2.078332104
9 64 3 100 6202169 2.078522442
116 106 3 100 557 2.078542423
213 21 3 100 28089 2.078672460
123 216 3 100 1842238 2.078815266
122 32 3 100 187251 2.078852825
26 84 3 100 2012 2.078867425
110 146 3 100 36364 2.078921343
224 188 3 100 53844 2.078943812
29 207 3 100 1964625 2.078998924
166 232 3 100 23662 2.079240848
174 39 3 100 30256 2.079252405
96 209 3 100 96376 2.079258921
230 204 3 100 12443 2.079340134
83 48 3 100 18385 2.079348036
77 111 3 100 7895702 2.079356322
20 16 3 100 9243 2.079501064
212 133 3 100 940255 2.079579470
253 139 3 100 1868033 2.079900810
191 4 3 100 28670 2.080070771
82 212 3 100 157659 2.080249126
246 150 3 100 5182 2.080297455
229 233 3 100 51802 2.080306422
224 241 3 100 192 2.080325992
174 75 3 100 8082882 2.080349440
71 39 3 100 42886 2.080369055
174 27 3 100 52650 2.080411261
38 35 3 100 397382 2.080478606
62 133 3 100 25134 2.080542777
209 2 3 100 73205 2.080641036
130 170 3 100 17736 2.080709827
38 70 3 100 44637 2.080717383
187 30 3 100 1519223 2.080845034
167 169 3 100 443118 2.080877232
252 250 3 100 2553 2.080886999
100 232 3 100 4243878 2.080909886
190 109 3 100 28117 2.080945903
23 187 3 100 3622 2.080992978
194 228 3 100 7853886 2.081019861
69 76 3 100 4489856 2.081071011
253 222 3 100 1678387 2.081077356
157 203 3 100 522362 2.081181475
49 9 3 100 3973434 2.081204707
15 9 3 100 26445 2.081245487
230 171 3 100 75483 2.081282641
104 131 3 100 4552673 2.081443205
142 155 3 100 28841 2.081510312
176 192 3 100 6969 2.081515549
20 141 3 100 177229 2.081577223
81 82 3 100 737618 2.081584701
55 121 3 100 577445 2.081745455
157 3 3 100 5783 2.081801693
24 9 3 100 1630432 2.081805661
242 158 3 100 54035 2.081812924
73 157 3 100 79478 2.081815495
4 164 3 100 39362 2.081896259
241 73 3 100 41296 2.082087102
143 252 3 100 1925111 2.082109330
138 102 3 100 19292 2.082169186
71 35 3 100 49312 2.082225888
82 187 3 100 688 2.082290393
80 211 3 100 3986 2.082393322
38 1 3 100 4652914 2.082602850
127 181 3 100 1714046 2.082611298
6 10 3 100 40329 2.082849472
56 196 3 100 1752214 2.082894189
229 104 3 100 662304 2.082917776
214 149 3 100 218826 2.083030055
225 104 3 100 257417 2.083223147
223 70 3 100 42954 2.083280512
235 191 3 100 980039 2.083284323
23 47 3 100 33175 2.083372639
72 85 3 100 40808 2.083414162
130 95 3 100 3975 2.083459757
195 203 3 100 56047 2.083648684
125 156 3 100 71898 2.083739858
122 167 3 100 15221 2.083945226
70 68 3 100 8407 2.083980738
69 96 3 100 9295 2.084035440
81 0 3 100 517472 2.084064289
28 62 3 100 53713 2.084126733
254 222 3 100 70913 2.084129674
247 170 3 100 6069 2.084266630
223 88 3 100 79367 2.084375876
23 128 3 100 190232 2.084435255
82 46 3 100 7734092 2.084451156
104 246 3 100 7964 2.084623387
118 254 3 100 574064 2.084642964
103 225 3 100 861 2.084646075
111 86 3 100 1299331 2.084683658
116 144 3 100 20049 2.084692091
141 195 3 100 71161 2.084756821
234 51 3 100 105481 2.084888655
188 55 3 100 427493 2.084930143
28 43 3 100 4642204 2.084950250
62 134 3 100 27741 2.084978556
30 217 3 100 24298030 2.085026067
64 240 3 100 22527 2.085061317
25 57 3 100 46892 2.085143928
107 88 3 100 390714 2.085220807
247 171 3 100 844039 2.085307888
85 28 3 100 7491 2.085334819
95 66 3 100 6332 2.085381763
159 52 3 100 2004 2.085396125
186 179 3 100 26591 2.085406314
67 120 3 100 45832 2.085418590
185 115 3 100 1372186 2.085445977
48 177 3 100 56394 2.085583025
15 116 3 100 13990229 2.085651659
235 18 3 100 50212 2.085752954
207 194 3 100 23133 2.085960324
228 218 3 100 41657 2.086098726
118 57 3 100 4351224 2.086292407
26 149 3 100 30360 2.086651353
183 20 3 100 758617 2.086676623
40 51 3 100 42209 2.086727373
132 130 3 100 1217919 2.086752325
115 19 3 100 9374 2.086858241
5 191 3 100 574404 2.086887017
166 54 3 100 9900201 2.086933181
173 59 3 100 3588044 2.087377241
171 80 3 100 3902780 2.087702259
209 103 3 100 9374501 2.087796504
36 54 3 100 2198670 2.087869317
111 126 3 100 788 2.087951272
182 239 3 100 8780151 2.088258926
213 87 3 100 727714 2.088382826
240 31 3 100 4422 2.088405377
219 241 3 100 47573 2.088600916
79 57 3 100 21091 2.088797660
67 73 3 100 1414677 2.088845257
242 195 3 100 835628 2.088889093
62 139 3 100 9009098 2.088910958
97 208 3 100 3475 2.088925846
14 103 3 100 684741 2.088954698
104 130 3 100 3232758 2.088957246
125 30 3 100 63627 2.088982776
194 143 3 100 23839 2.089166589
90 9 3 100 3661334 2.089258110
122 80 3 100 50338 2.089320162
53 30 3 100 24545 2.089378064
159 231 3 100 2379887 2.089589049
84 182 3 100 24362 2.089597984
98 45 3 100 220 2.089972754
241 116 3 100 50703 2.089984792
15 26 3 100 38077 2.089985085
252 28 3 100 78311 2.090056215
97 191 3 100 96602 2.090077202
34 195 3 100 76302 2.090254035
120 172 3 100 133872 2.090321181
82 2 3 100 6935921 2.090823577
247 4 3 100 25284 2.090828051
167 151 3 100 4094 2.090938676
253 149 3 100 36232 2.091015958
105 137 3 100 26315 2.091016893
55 33 3 100 9066 2.091034792
246 219 3 100 209286 2.091206115
70 178 3 100 20306 2.091333536
25 132 3 100 11099 2.091419476
124 237 3 100 771821 2.091473756
26 215 3 100 20869 2.091572066
38 203 3 100 26880 2.091597039
26 87 3 100 8370 2.091982414
187 182 3 100 8331926 2.092617807
22 11 3 100 77326 2.092929190
67 156 3 100 185842 2.093002212
252 137 3 100 136774 2.093050525
152 252 3 100 401369 2.093176963
20 111 3 100 1732083 2.093313220
103 148 3 100 8747 2.093506766
226 241 3 100 27424 2.093607356
97 92 3 100 1713 2.093876694
9 117 3 100 1613393 2.093944742
141 127 3 100 2332820 2.094206485
127 177 3 100 141191 2.094226231
207 116 3 100 93757 2.094245267
16 167 3 100 2716083 2.094306270
252 155 3 100 1041700 2.094313631
191 158 3 100 2190 2.094387796
26 144 3 100 1167 2.094581420
52 205 3 100 5250 2.094748370
11 21 3 100 1909313 2.094877134
55 94 3 100 6813 2.094962130
187 48 3 100 21794 2.095132772
142 28 3 100 33083 2.095332062
107 69 3 100 9372 2.095342310
195 17 3 100 955047 2.095514113
26 96 3 100 228156 2.095548565
116 8 3 100 25689 2.095680335
80 144 3 100 1719417 2.095721947
80 81 3 100 21118 2.096121275
213 83 3 100 50712 2.096492351
196 5 3 100 2940355 2.096525935
83 34 3 100 21506 2.096573562
237 123 3 100 54739 2.097097832
124 230 3 100 38077 2.097139679
108 8 3 100 1392139 2.097324799
125 244 3 100 606217 2.097336011
195 81 3 100 1488152 2.097555767
106 255 3 100 39224 2.097576870
98 95 3 100 31242 2.097845345
113 168 3 100 26926 2.098396461
103 174 3 100 30382 2.098460890
72 175 3 100 49730 2.098618669
142 116 3 100 398 2.098952632
