2727 
97 104 3 100 747199 2.000027246
39 105 3 100 9043 2.000038743
1 61 3 100 664 2.000053483
8 32 3 100 49317 2.000106415
69 59 3 100 13382 2.000179215
33 61 3 100 2281878 2.000208619
32 81 3 100 1797725 2.000276957
67 108 3 100 2299831 2.000293125
13 93 3 100 1352155 2.000296006
70 99 3 100 2912 2.000311633
84 18 3 100 394169 2.000319077
13 104 3 100 27802 2.000347741
74 28 3 100 7639 2.000391539
109 33 3 100 27922 2.000426901
33 39 3 100 54085 2.000504679
73 119 3 100 4097 2.000569769
74 43 3 100 98319 2.000586546
41 102 3 100 1491922 2.000618098
100 10 3 100 103667 2.000688778
122 97 3 100 22564 2.000694394
64 47 3 100 44648 2.000762261
91 106 3 100 34780 2.000807036
72 42 3 100 27635 2.000817433
0 52 3 100 6530588 2.000834600
82 39 3 100 146455 2.000844788
121 5 3 100 6692 2.000864346
82 52 3 100 68715 2.000881178
76 73 3 100 27849 2.000898060
80 86 3 100 71535 2.000912560
36 96 3 100 49657 2.000982159
35 95 3 100 3607704 2.000987948
59 103 3 100 3461624 2.001038717
27 14 3 100 93734 2.001060986
46 26 3 100 35200 2.001101907
92 103 3 100 1239196 2.001127648
118 40 3 100 34651 2.001165252
73 127 3 100 34751 2.001171218
6 104 3 100 26275 2.001221371
2 10 3 100 188685 2.001223825
64 77 3 100 78775 2.001237037
98 41 3 100 19590777 2.001245732
88 31 3 100 21992 2.001277153
5 68 3 100 5937 2.001299863
63 110 3 100 3732371 2.001305873
30 109 3 100 16224 2.001320967
30 8 3 100 6298 2.001356220
65 33 3 100 47365 2.001357673
124 104 3 100 6468 2.001405033
55 21 3 100 23035 2.001414038
35 124 3 100 732 2.001441100
56 114 3 100 7555 2.001446978
32 15 3 100 24743 2.001448324
113 46 3 100 152466 2.001486456
96 100 3 100 5033152 2.001504971
116 104 3 100 28222 2.001527450
65 54 3 100 78712 2.001535488
111 67 3 100 48907 2.001540067
97 0 3 100 24501 2.001579501
114 19 3 100 109 2.001599691
107 5 3 100 321265 2.001606623
97 43 3 100 728724 2.001629893
88 47 3 100 1052870 2.001696780
100 28 3 100 6681 2.001760770
60 30 3 100 81111 2.001764397
27 83 3 100 40323 2.001804283
67 38 3 100 79664 2.001846996
60 12 3 100 41463 2.001855297
14 37 3 100 1253916 2.001943826
12 125 3 100 12584 2.002005459
6 32 3 100 73808 2.002123320
38 99 3 100 98359 2.002131790
30 8 3 100 33289 2.002159310
79 20 3 100 104489 2.002167110
87 112 3 100 4959 2.002172941
61 125 3 100 9779230 2.002212917
75 111 3 100 4799 2.002219671
102 108 3 100 1512047 2.002219977
45 44 3 100 16771 2.002296547
37 64 3 100 8939 2.002337032
107 48 3 100 8090035 2.002353513
3 8 3 100 691728 2.002377993
34 73 3 100 8220 2.002411256
49 37 3 100 3404967 2.002434823
6 30 3 100 9596 2.002435258
100 5 3 100 62240 2.002464888
127 76 3 100 78486 2.002503839
87 126 3 100 25378 2.002508421
117 45 3 100 72783 2.002514118
50 81 3 100 64051 2.002548682
62 90 3 100 133419 2.002562835
108 114 3 100 308965 2.002698569
106 33 3 100 2690850 2.002709293
66 55 3 100 38581 2.002719681
60 0 3 100 71294 2.002746132
83 76 3 100 1437943 2.002757438
105 39 3 100 61148 2.002771455
79 83 3 100 8478 2.002868752
58 74 3 100 6204072 2.002917532
64 72 3 100 1901 2.002922674
125 24 3 100 3971711 2.002928830
61 116 3 100 3460276 2.002938874
95 45 3 100 106874 2.002973984
76 25 3 100 75681 2.002988861
27 9 3 100 13243 2.003068253
124 75 3 100 2872702 2.003103002
93 18 3 100 959 2.003157155
108 50 3 100 24960 2.003186822
27 9 3 100 677531 2.003192414
0 9 3 100 21515 2.003281567
106 18 3 100 26978 2.003343682
15 71 3 100 7989 2.003350750
94 127 3 100 3453 2.003394814
40 15 3 100 10195 2.003414251
96 51 3 100 36804 2.003444908
70 67 3 100 5056 2.003454827
79 20 3 100 52546 2.003463146
26 101 3 100 171361 2.003502986
88 26 3 100 2242297 2.003569094
14 93 3 100 21794 2.003583552
48 18 3 100 4394925 2.003603327
49 68 3 100 20635 2.003668692
55 11 3 100 8605337 2.003748428
66 86 3 100 23588 2.003769163
26 108 3 100 3326747 2.003784063
15 31 3 100 3514762 2.003847865
13 23 3 100 81496 2.003897328
25 0 3 100 26711 2.003918738
59 50 3 100 44872 2.003920893
96 94 3 100 56899 2.003934913
8 108 3 100 7462673 2.003940673
93 125 3 100 79432 2.003958057
91 56 3 100 47168 2.003996160
2 56 3 100 14906 2.004000545
96 126 3 100 8694 2.004021215
63 13 3 100 3372393 2.004028664
115 28 3 100 8153 2.004128117
22 48 3 100 4377423 2.004137650
35 18 3 100 4221 2.004188892
54 107 3 100 9228691 2.004211241
34 44 3 100 5991112 2.004220537
79 41 3 100 63291 2.004236233
39 17 3 100 1574497 2.004274110
114 25 3 100 25397 2.004305186
31 24 3 100 9271 2.004364569
30 66 3 100 859389 2.004440344
55 48 3 100 24486 2.004452077
117 48 3 100 138330 2.004465357
13 67 3 100 52515 2.004533606
81 57 3 100 1679 2.004545814
114 52 3 100 5906 2.004553383
35 37 3 100 1117785 2.004618697
25 28 3 100 27208 2.004666635
10 42 3 100 613154 2.004667121
91 50 3 100 15436493 2.004693094
112 95 3 100 4916863 2.004728197
72 8 3 100 19304 2.004749570
40 29 3 100 2134550 2.004852290
79 114 3 100 63098 2.004857424
111 50 3 100 1435069 2.004878525
96 104 3 100 397 2.004913213
47 86 3 100 3734 2.004922586
121 8 3 100 4418 2.004928055
46 10 3 100 22884 2.005029200
71 113 3 100 71167 2.005054943
74 111 3 100 173150 2.005080176
118 40 3 100 1929217 2.005091962
110 63 3 100 44423 2.005100656
43 72 3 100 21196966 2.005125223
52 99 3 100 29225 2.005168167
117 68 3 100 79225 2.005203485
61 83 3 100 58274 2.005243691
53 54 3 100 6006536 2.005255297
59 53 3 100 23975 2.005272645
122 13 3 100 4065 2.005295967
35 67 3 100 16823 2.005298672
109 61 3 100 36574 2.005320794
75 27 3 100 8362396 2.005402870
7 20 3 100 5604 2.005447195
42 116 3 100 43626 2.005502815
109 1 3 100 1153516 2.005518918
9 50 3 100 61672 2.005525710
95 1 3 100 959384 2.005540518
108 3 3 100 27991 2.005598238
57 94 3 100 47239 2.005680569
83 59 3 100 45145 2.005705968
39 120 3 100 2906 2.005714449
3 61 3 100 27627 2.005726958
58 119 3 100 1118509 2.005822621
15 4 3 100 8956658 2.005823848
48 74 3 100 453921 2.005836015
35 7 3 100 762369 2.005847600
20 25 3 100 1087263 2.005865300
37 97 3 100 19982 2.005907423
67 88 3 100 42811 2.005938265
51 17 3 100 5696968 2.005943017
66 11 3 100 456141 2.005999934
90 107 3 100 69657 2.006026010
19 98 3 100 27435 2.006054956
89 53 3 100 719952 2.006088691
35 63 3 100 4404 2.006095879
20 117 3 100 1309448 2.006108911
123 113 3 100 28288 2.006179225
25 18 3 100 5946906 2.006186016
112 60 3 100 393950 2.006200462
34 81 3 100 3352016 2.006230495
17 120 3 100 2010512 2.006236161
88 70 3 100 9664 2.006247184
86 60 3 100 4398 2.006267603
35 64 3 100 591258 2.006350891
16 107 3 100 6609073 2.006365033
84 95 3 100 840283 2.006388126
81 82 3 100 19067 2.006434035
46 12 3 100 18687022 2.006435554
66 3 3 100 2957074 2.006495287
124 91 3 100 57259 2.006555172
82 111 3 100 3994022 2.006606222
127 26 3 100 53215 2.006617789
56 34 3 100 8843569 2.006653851
66 76 3 100 2785 2.006722141
16 92 3 100 22588 2.006760428
79 34 3 100 738982 2.006772086
127 12 3 100 42362 2.006774329
48 31 3 100 4091415 2.006828513
37 46 3 100 4946 2.006837377
54 117 3 100 21577 2.006857705
39 45 3 100 4527275 2.006953072
125 52 3 100 955718 2.006971283
102 80 3 100 20857 2.006981030
29 123 3 100 4899454 2.007017286
93 10 3 100 6640 2.007033023
5 95 3 100 35757 2.007062081
126 21 3 100 648897 2.007115891
86 85 3 100 5200 2.007157984
97 94 3 100 1003757 2.007177576
53 80 3 100 22050 2.007218624
11 52 3 100 6232277 2.007259962
2 50 3 100 585114 2.007261572
96 86 3 100 141388 2.007266023
19 76 3 100 29985 2.007338382
53 94 3 100 2162165 2.007339631
56 30 3 100 52630 2.007351608
65 92 3 100 33111 2.007420512
108 4 3 100 246711 2.007491236
42 81 3 100 790314 2.007524041
123 46 3 100 3117742 2.007534666
62 6 3 100 4108389 2.007627425
78 4 3 100 8164406 2.007649330
104 79 3 100 896091 2.007684210
40 45 3 100 20502 2.007721023
86 110 3 100 66228 2.007727045
119 127 3 100 1158198 2.007758218
4 43 3 100 113581 2.007798789
118 76 3 100 48397 2.007856495
70 53 3 100 1734 2.007922225
35 53 3 100 1903964 2.007922425
30 78 3 100 71075 2.008016450
104 80 3 100 23178 2.008041731
27 112 3 100 22628 2.008063332
44 112 3 100 434861 2.008088725
30 79 3 100 1840760 2.008103285
5 61 3 100 43794 2.008188097
118 39 3 100 53199 2.008189455
13 100 3 100 3722237 2.008236702
67 71 3 100 3341 2.008312396
57 108 3 100 8974794 2.008312689
106 42 3 100 4234999 2.008327216
99 104 3 100 3327 2.008473298
20 109 3 100 72956 2.008476481
81 42 3 100 13925 2.008483359
0 92 3 100 24167 2.008489302
89 110 3 100 4834 2.008508853
31 127 3 100 3833377 2.008510562
42 8 3 100 196903 2.008526539
17 15 3 100 1449228 2.008555283
117 99 3 100 15575 2.008622886
117 55 3 100 24694 2.008634235
81 56 3 100 23720 2.008645958
2 109 3 100 8422 2.008662709
121 41 3 100 4230177 2.008721872
21 116 3 100 8276 2.008823346
60 65 3 100 3911765 2.008855044
19 3 3 100 84868 2.008935934
24 16 3 100 104939 2.008936985
78 73 3 100 8870665 2.008951165
53 27 3 100 3871957 2.008981542
105 97 3 100 2956109 2.009060351
115 3 3 100 1635144 2.009075916
1 111 3 100 162896 2.009151625
24 77 3 100 18822 2.009174711
7 15 3 100 136559 2.009222480
6 105 3 100 252468 2.009308971
10 53 3 100 69268 2.009348459
62 24 3 100 991093 2.009383283
62 35 3 100 20830 2.009446767
14 25 3 100 50280 2.009513921
104 26 3 100 112502 2.009551065
27 78 3 100 970759 2.009556758
38 72 3 100 6703 2.009564826
127 97 3 100 61164 2.009584235
109 7 3 100 54815 2.009586231
27 18 3 100 469342 2.009592163
50 116 3 100 7652925 2.009626980
68 51 3 100 5697665 2.009660106
36 3 3 100 27024 2.009694139
96 126 3 100 89459 2.009716630
17 15 3 100 9126472 2.009765066
97 78 3 100 1421544 2.009831680
54 5 3 100 4267185 2.009842882
113 12 3 100 25358 2.009858906
9 3 3 100 8484692 2.009866814
73 20 3 100 70339 2.009953113
117 120 3 100 2155221 2.009987874
33 95 3 100 11450 2.009991571
62 69 3 100 1006 2.009999410
104 21 3 100 497992 2.010095134
96 105 3 100 44174 2.010122795
69 48 3 100 3530823 2.010126973
47 6 3 100 21668 2.010175928
107 26 3 100 6226 2.010196303
58 49 3 100 3521205 2.010235163
34 85 3 100 2588752 2.010254504
82 112 3 100 7078 2.010317693
110 38 3 100 2327 2.010377178
127 97 3 100 70622 2.010429663
28 5 3 100 49149 2.010434095
96 60 3 100 507661 2.010520433
43 88 3 100 63460 2.010528561
126 20 3 100 32541 2.010529215
115 57 3 100 64735 2.010585287
4 35 3 100 1405024 2.010697277
83 97 3 100 7488 2.010702086
44 95 3 100 5914887 2.010705577
5 112 3 100 2567 2.010744043
122 77 3 100 26291 2.010757165
122 118 3 100 57293 2.010776576
18 115 3 100 150798 2.010816904
96 29 3 100 5820 2.010825867
53 22 3 100 1753730 2.010833521
21 20 3 100 1911465 2.010885831
41 124 3 100 26117 2.010903474
13 9 3 100 3588261 2.010959290
103 24 3 100 96500 2.011050558
84 22 3 100 8480 2.011144412
103 30 3 100 2417542 2.011211812
126 57 3 100 493271 2.011265146
102 68 3 100 1275922 2.011288410
51 30 3 100 4636063 2.011320097
49 94 3 100 337079 2.011352614
58 116 3 100 21927 2.011560813
48 108 3 100 59274 2.011603231
19 5 3 100 29966 2.011716121
13 40 3 100 2659825 2.011719881
77 126 3 100 2619557 2.011809658
109 120 3 100 2812737 2.011826354
76 39 3 100 1885412 2.011832871
79 62 3 100 7000 2.011848613
33 41 3 100 19688330 2.011891596
101 48 3 100 22161 2.011907216
5 14 3 100 49830 2.011929892
35 0 3 100 24698 2.011961732
38 35 3 100 51565 2.012008995
22 16 3 100 25205 2.012031771
70 79 3 100 5476 2.012060453
28 7 3 100 27990 2.012061247
114 117 3 100 96786 2.012070724
105 77 3 100 8339 2.012160131
124 54 3 100 965570 2.012222316
88 5 3 100 23449 2.012238192
68 61 3 100 4040812 2.012253998
126 123 3 100 3887151 2.012317638
79 95 3 100 9088 2.012331001
8 101 3 100 546418 2.012342466
85 104 3 100 692 2.012399845
36 57 3 100 250520 2.012412636
10 1 3 100 1262204 2.012489015
111 17 3 100 17666 2.012561182
118 32 3 100 63021 2.012596033
67 27 3 100 469523 2.012617647
16 67 3 100 39586 2.012622019
110 85 3 100 7609 2.012623918
64 34 3 100 4348 2.012656167
24 117 3 100 2432 2.012797443
95 41 3 100 589105 2.012841480
32 44 3 100 109304 2.012961122
16 81 3 100 229799 2.012962539
70 2 3 100 581408 2.012972697
54 9 3 100 56173 2.013064553
126 106 3 100 143277 2.013092860
127 79 3 100 1610874 2.013130615
41 109 3 100 12882 2.013201799
6 77 3 100 2184548 2.013312140
2 81 3 100 29174 2.013346814
127 79 3 100 133000 2.013349496
58 95 3 100 2729 2.013465976
59 106 3 100 3890 2.013499043
26 100 3 100 1537534 2.013522398
68 114 3 100 39160 2.013604627
2 55 3 100 58486 2.013636826
25 122 3 100 7376270 2.013650208
25 33 3 100 17925 2.013655055
51 97 3 100 36 2.013662510
52 89 3 100 7219 2.013698156
78 89 3 100 58172 2.013707994
106 62 3 100 24020 2.013807107
82 106 3 100 194900 2.013844987
69 64 3 100 29133 2.013873870
95 74 3 100 2747 2.013909272
121 6 3 100 25526 2.013921044
116 8 3 100 60180 2.013951990
118 50 3 100 27928 2.013953993
105 48 3 100 25989 2.014007770
34 98 3 100 3074634 2.014033341
94 15 3 100 160948 2.014043497
53 101 3 100 64169 2.014075413
35 79 3 100 4396289 2.014083079
85 48 3 100 72457 2.014084950
87 65 3 100 2825698 2.014107264
89 61 3 100 25703 2.014115200
42 116 3 100 27554364 2.014122938
58 74 3 100 5281293 2.014193754
125 22 3 100 24503806 2.014269909
44 116 3 100 24905 2.014347922
78 10 3 100 6162 2.014357435
116 127 3 100 108091 2.014403038
8 25 3 100 1537604 2.014453118
0 10 3 100 59085 2.014454865
65 82 3 100 7235 2.014471913
103 15 3 100 1585441 2.014486026
2 75 3 100 73408 2.014509388
95 112 3 100 79455 2.014539533
114 100 3 100 141516 2.014558724
34 15 3 100 225285 2.014592830
93 119 3 100 172319 2.014595806
51 58 3 100 2483886 2.014742174
126 5 3 100 1527923 2.014763279
17 114 3 100 73181 2.014773407
1 39 3 100 52966 2.014790839
6 27 3 100 7639 2.014821136
35 77 3 100 1060602 2.014825974
0 101 3 100 30707 2.014867457
47 49 3 100 9215753 2.014963297
31 26 3 100 65896 2.014983590
45 84 3 100 1503753 2.015066760
43 50 3 100 71954 2.015087138
74 49 3 100 2032856 2.015088012
71 101 3 100 22556 2.015103257
92 37 3 100 27868 2.015108943
104 126 3 100 6312793 2.015116942
0 66 3 100 47281 2.015120953
75 102 3 100 7227683 2.015193165
37 46 3 100 2647734 2.015331606
108 56 3 100 28088695 2.015345423
25 31 3 100 106948 2.015346251
6 49 3 100 63945 2.015394298
104 111 3 100 48566 2.015407400
17 125 3 100 15259 2.015408560
32 124 3 100 1615572 2.015435156
101 95 3 100 26949 2.015455099
41 26 3 100 4023539 2.015462798
118 44 3 100 1277575 2.015495370
1 117 3 100 34423 2.015560474
21 106 3 100 2851117 2.015588071
7 59 3 100 9416 2.015589483
117 42 3 100 1429646 2.015746610
108 59 3 100 404750 2.015816151
33 120 3 100 4273906 2.015820968
51 43 3 100 2708680 2.015866678
90 36 3 100 1259 2.015918096
105 62 3 100 1171703 2.016001003
121 70 3 100 12550 2.016066755
64 32 3 100 43927 2.016156387
24 97 3 100 1971336 2.016162088
52 64 3 100 37384 2.016162223
19 7 3 100 2078 2.016190933
49 62 3 100 18764 2.016238262
23 84 3 100 9018 2.016242967
16 1 3 100 25589 2.016305829
11 90 3 100 93687 2.016336751
102 78 3 100 22497 2.016380751
106 76 3 100 199525 2.016384640
122 46 3 100 23432 2.016391907
124 67 3 100 3775 2.016395323
9 103 3 100 1420608 2.016408405
116 91 3 100 1383101 2.016421549
94 50 3 100 2598 2.016426646
94 77 3 100 661808 2.016429364
80 124 3 100 194524 2.016494604
59 46 3 100 2583342 2.016533460
73 62 3 100 6115 2.016556963
8 35 3 100 91351 2.016732455
11 125 3 100 812606 2.016751923
19 40 3 100 21855 2.016816586
45 5 3 100 2024 2.016844331
53 62 3 100 2868786 2.016892244
30 48 3 100 5100536 2.016917351
79 105 3 100 59652 2.016960506
35 55 3 100 25424 2.016973761
101 47 3 100 6139191 2.017075846
51 76 3 100 675567 2.017113052
100 32 3 100 1440145 2.017161657
66 113 3 100 61605 2.017211566
5 117 3 100 9381 2.017246196
83 114 3 100 45565 2.017254865
66 38 3 100 2591395 2.017272055
97 8 3 100 68601 2.017306823
67 110 3 100 74102 2.017319874
95 101 3 100 46992 2.017372675
47 85 3 100 707209 2.017413061
43 32 3 100 78086 2.017443836
40 5 3 100 48415 2.017463752
82 31 3 100 440 2.017466082
124 36 3 100 12726 2.017535699
19 57 3 100 17059 2.017565005
66 9 3 100 999609 2.017586359
96 92 3 100 144135 2.017626434
30 102 3 100 23976696 2.017648989
20 40 3 100 4387296 2.017703827
5 11 3 100 75852 2.017716793
56 113 3 100 8880 2.017774915
54 105 3 100 42468 2.017876842
70 67 3 100 2744389 2.017907381
49 43 3 100 5101 2.017912268
11 87 3 100 47424 2.017933584
49 126 3 100 3296 2.017949548
53 110 3 100 14696152 2.017951914
59 55 3 100 210 2.018021792
24 123 3 100 1594208 2.018031640
71 61 3 100 1128787 2.018080848
19 29 3 100 23408 2.018107091
97 12 3 100 63136 2.018118732
127 87 3 100 23517 2.018159777
61 56 3 100 1098762 2.018209514
19 61 3 100 35131 2.018232401
88 38 3 100 7079 2.018255099
2 44 3 100 66787 2.018262867
26 98 3 100 251498 2.018266398
6 107 3 100 78750 2.018315448
8 37 3 100 75622 2.018410504
26 30 3 100 2126708 2.018425058
11 16 3 100 6535 2.018432389
100 68 3 100 1315758 2.018454278
29 84 3 100 81415 2.018469383
66 110 3 100 7258 2.018492748
50 114 3 100 23325 2.018521989
59 117 3 100 25273 2.018572845
78 61 3 100 1877243 2.018639920
61 3 3 100 30449 2.018756082
33 37 3 100 1733214 2.018798342
83 55 3 100 4156264 2.018833872
89 104 3 100 1133595 2.018858310
62 42 3 100 2892962 2.018862547
37 110 3 100 1155335 2.018902849
105 28 3 100 4974 2.018925187
117 63 3 100 49295 2.019006838
61 91 3 100 4260626 2.019016169
23 31 3 100 41253 2.019027321
23 15 3 100 32444 2.019039608
61 66 3 100 74807 2.019067070
27 24 3 100 97841 2.019110090
99 43 3 100 29591 2.019154280
35 22 3 100 12701308 2.019227099
85 60 3 100 6091 2.019288761
107 42 3 100 1467921 2.019349839
97 77 3 100 1207744 2.019419431
42 46 3 100 1441441 2.019457243
69 17 3 100 399422 2.019467612
39 106 3 100 17753 2.019471556
59 115 3 100 874172 2.019502377
78 4 3 100 38127 2.019523826
10 56 3 100 663127 2.019540989
104 119 3 100 35693 2.019565617
63 17 3 100 7370 2.019565979
127 51 3 100 5258 2.019573667
13 95 3 100 976656 2.019696444
109 68 3 100 58292 2.019734813
43 106 3 100 4222069 2.019766388
83 66 3 100 21020 2.019879793
14 18 3 100 15637 2.019880164
99 105 3 100 1791 2.019883444
1 49 3 100 16378 2.019885806
109 29 3 100 479375 2.019919815
35 86 3 100 51351 2.019933192
72 101 3 100 45132 2.019938301
88 55 3 100 38549 2.019961100
9 76 3 100 34248 2.020028144
3 59 3 100 41171 2.020038986
15 70 3 100 695869 2.020052634
61 5 3 100 3621842 2.020082521
95 76 3 100 36642 2.020135306
78 86 3 100 2279616 2.020138023
46 98 3 100 1242 2.020138552
61 108 3 100 12251082 2.020186760
90 84 3 100 13176 2.020221908
118 81 3 100 6635 2.020247258
2 9 3 100 2263512 2.020312382
108 110 3 100 3466974 2.020337335
81 64 3 100 2123874 2.020362683
108 107 3 100 143127 2.020375092
96 116 3 100 63324 2.020411033
85 12 3 100 19057 2.020452707
54 34 3 100 1523 2.020464652
89 31 3 100 70171 2.020488319
119 68 3 100 41265 2.020522022
53 88 3 100 2800412 2.020556815
102 99 3 100 56432 2.020577352
30 26 3 100 1882710 2.020582516
75 19 3 100 8951958 2.020747993
120 30 3 100 47619 2.020762337
57 118 3 100 16676530 2.021013405
88 1 3 100 9667 2.021022110
53 62 3 100 1049665 2.021061600
52 4 3 100 29027 2.021080512
17 94 3 100 24472 2.021108838
33 32 3 100 26853 2.021155199
88 117 3 100 26693 2.021201955
50 93 3 100 8884 2.021224864
42 62 3 100 1625802 2.021235980
107 5 3 100 9419 2.021307804
25 104 3 100 6241249 2.021449434
40 33 3 100 22746 2.021466286
69 44 3 100 2386808 2.021518946
75 107 3 100 40019 2.021538629
77 11 3 100 621666 2.021604935
52 107 3 100 41302 2.021609037
72 32 3 100 541894 2.021678998
62 119 3 100 21706 2.021684101
25 13 3 100 22567 2.021725209
113 118 3 100 34338 2.021778897
3 123 3 100 1508362 2.021789443
67 94 3 100 1202 2.021950060
48 67 3 100 66099 2.021962916
97 21 3 100 24639 2.022012056
119 58 3 100 143693 2.022045637
100 68 3 100 140165 2.022061713
107 60 3 100 1858570 2.022109435
99 126 3 100 5920 2.022135916
45 56 3 100 383453 2.022141709
68 41 3 100 23062 2.022162902
94 72 3 100 63922 2.022205295
50 2 3 100 21710767 2.022313093
96 99 3 100 3975025 2.022317166
44 18 3 100 19265037 2.022394545
65 70 3 100 2611911 2.022403627
22 100 3 100 9287 2.022430738
100 17 3 100 107261 2.022473218
108 43 3 100 699919 2.022486138
96 93 3 100 23186 2.022548844
25 32 3 100 646325 2.022594037
46 0 3 100 25229 2.022660142
79 14 3 100 4861480 2.022718853
94 26 3 100 76879 2.022751519
93 7 3 100 154624 2.022828058
30 46 3 100 37404 2.022846645
44 119 3 100 30904 2.022906255
115 3 3 100 73755 2.022910457
81 17 3 100 26262 2.022926700
74 113 3 100 47406 2.022940228
36 93 3 100 2757 2.022967326
107 28 3 100 2365448 2.023003336
124 81 3 100 56638 2.023097018
89 70 3 100 2446911 2.023172694
41 121 3 100 27460 2.023177199
101 57 3 100 6651 2.023263075
21 8 3 100 1515700 2.023296716
8 47 3 100 67059 2.023319326
86 85 3 100 2378 2.023320258
64 101 3 100 1386228 2.023353495
7 113 3 100 6151801 2.023368720
17 111 3 100 300 2.023395784
57 93 3 100 62203 2.023398480
86 80 3 100 8425 2.023456791
23 3 3 100 26323 2.023476789
64 14 3 100 17750 2.023485324
115 31 3 100 2049 2.023524954
75 66 3 100 21772 2.023529826
28 75 3 100 3812687 2.023575747
121 2 3 100 20017 2.023636309
26 11 3 100 15588 2.023640924
111 54 3 100 1698175 2.023676321
95 116 3 100 155956 2.023687382
126 105 3 100 6116789 2.023712939
51 107 3 100 30936 2.023762015
94 9 3 100 1538193 2.023796793
21 110 3 100 3689321 2.023822247
106 127 3 100 8230018 2.023902451
58 112 3 100 10709 2.023933494
60 24 3 100 49796 2.023976970
15 24 3 100 26673 2.023998039
17 114 3 100 8579174 2.024022436
23 82 3 100 3454410 2.024023788
40 81 3 100 18269 2.024044806
106 93 3 100 3735 2.024054626
31 103 3 100 1403492 2.024059536
80 50 3 100 1277773 2.024111031
50 101 3 100 1388 2.024216048
32 5 3 100 258146 2.024216507
91 23 3 100 42673 2.024225896
79 64 3 100 2568 2.024231559
61 115 3 100 8731 2.024241652
52 33 3 100 484395 2.024254090
38 91 3 100 47237 2.024271831
63 30 3 100 25393 2.024301030
116 33 3 100 42493 2.024310494
34 18 3 100 2275221 2.024319585
60 30 3 100 29747 2.024324912
53 45 3 100 6015595 2.024362387
4 100 3 100 79386 2.024364839
120 52 3 100 74433 2.024437573
75 21 3 100 45640 2.024493584
68 21 3 100 93343 2.024512915
122 42 3 100 119928 2.024604928
1 33 3 100 985775 2.024632904
99 24 3 100 68839 2.024735638
5 55 3 100 45708 2.024768957
107 100 3 100 3916154 2.024778322
104 93 3 100 2523512 2.024791215
127 97 3 100 914673 2.024791272
86 99 3 100 2152208 2.024813274
86 101 3 100 23142 2.024892184
65 119 3 100 7705089 2.024913501
11 86 3 100 6775361 2.024914006
76 55 3 100 88842 2.024944598
21 29 3 100 12275797 2.024963934
69 15 3 100 1812621 2.024974942
23 5 3 100 152639 2.024992774
97 66 3 100 5636183 2.025017279
54 8 3 100 5098 2.025031878
122 99 3 100 24532 2.025038604
39 35 3 100 9564854 2.025039996
105 96 3 100 42229 2.025049504
88 125 3 100 51234 2.025258271
50 78 3 100 90189 2.025262508
16 14 3 100 25256 2.025264516
32 56 3 100 1288 2.025270263
63 71 3 100 9787 2.025271685
39 76 3 100 3069042 2.025280623
66 67 3 100 28850 2.025282037
123 3 3 100 1230 2.025297317
96 27 3 100 4055715 2.025298912
62 30 3 100 23777727 2.025314398
24 114 3 100 33296 2.025324682
79 50 3 100 29272 2.025376915
3 73 3 100 54865 2.025385757
39 83 3 100 3506028 2.025394866
95 35 3 100 49581 2.025528034
90 35 3 100 9325808 2.025555342
6 32 3 100 993138 2.025560667
118 4 3 100 977728 2.025562334
84 62 3 100 2345533 2.025611156
107 37 3 100 53360 2.025612913
25 16 3 100 20801 2.025625927
84 104 3 100 3153 2.025738823
34 84 3 100 1747816 2.025758773
15 39 3 100 612516 2.025771884
55 108 3 100 51365 2.025851454
94 77 3 100 9286040 2.025867013
109 118 3 100 2310130 2.025925330
11 28 3 100 44034 2.025960454
75 63 3 100 186429 2.025967991
85 10 3 100 5515156 2.025985949
3 68 3 100 13317 2.026036055
19 111 3 100 8191 2.026042055
27 120 3 100 1316409 2.026052427
89 9 3 100 3863138 2.026069870
84 49 3 100 1144332 2.026088959
5 121 3 100 2118 2.026154900
62 77 3 100 8973961 2.026168104
42 40 3 100 195670 2.026243818
107 25 3 100 181565 2.026244798
63 62 3 100 7039 2.026271441
54 117 3 100 35099 2.026377201
33 64 3 100 47637 2.026410561
86 1 3 100 250959 2.026495401
38 33 3 100 2715166 2.026499611
39 85 3 100 21118 2.026564333
37 25 3 100 45539 2.026568455
65 7 3 100 27634 2.026611481
33 44 3 100 2564657 2.026624437
28 25 3 100 9537609 2.026639528
114 36 3 100 27853 2.026712989
77 3 3 100 6460518 2.026734081
70 29 3 100 74561 2.026745480
37 32 3 100 159049 2.026760490
108 124 3 100 2405898 2.026767815
116 86 3 100 68521 2.026924118
104 74 3 100 17176680 2.026937151
15 109 3 100 2639717 2.026944254
70 88 3 100 738277 2.026957945
102 33 3 100 5925514 2.026965446
22 106 3 100 64184 2.027011968
110 32 3 100 57265 2.027027160
125 100 3 100 57656 2.027087937
120 43 3 100 1229 2.027103349
16 46 3 100 1426722 2.027138023
127 68 3 100 65916 2.027162456
58 74 3 100 600106 2.027201266
114 27 3 100 98562 2.027257250
60 55 3 100 7833 2.027279193
87 80 3 100 4380620 2.027280440
104 96 3 100 30080 2.027308507
123 25 3 100 2980 2.027333285
123 12 3 100 11080 2.027395093
21 75 3 100 154570 2.027474022
49 67 3 100 9702613 2.027478370
74 105 3 100 3301746 2.027479215
20 101 3 100 1804650 2.027498300
36 34 3 100 31529 2.027589440
58 5 3 100 37314 2.027668370
5 1 3 100 919378 2.027696283
85 1 3 100 9789 2.027798246
57 38 3 100 49784 2.027800950
90 41 3 100 8109009 2.027812956
85 16 3 100 27350 2.027847842
115 105 3 100 61110 2.027856614
54 70 3 100 3673175 2.027869723
42 31 3 100 80436 2.027904987
116 54 3 100 906545 2.027950356
116 16 3 100 7755758 2.027996734
11 32 3 100 27337 2.028000898
48 35 3 100 1548557 2.028039913
81 59 3 100 6765110 2.028088137
43 76 3 100 81692 2.028110824
5 21 3 100 5496 2.028136508
127 90 3 100 28762 2.028144538
25 105 3 100 57784 2.028160131
58 18 3 100 1867762 2.028185367
104 58 3 100 31684 2.028295576
11 22 3 100 27770684 2.028322756
64 106 3 100 1787595 2.028384608
12 103 3 100 3139 2.028465280
26 3 3 100 1765157 2.028536786
53 68 3 100 445098 2.028572764
62 16 3 100 8953 2.028619224
82 32 3 100 44649 2.028743248
87 105 3 100 1065540 2.028781816
3 68 3 100 9866 2.028819106
40 42 3 100 15302 2.028820721
119 74 3 100 1722943 2.028822724
64 93 3 100 20063 2.028851396
118 72 3 100 39294 2.028853482
83 75 3 100 7927133 2.028854900
6 75 3 100 11937280 2.028894629
108 51 3 100 35807 2.028900316
47 116 3 100 4879 2.028908523
28 86 3 100 6175 2.028917060
104 77 3 100 40781 2.028963652
3 86 3 100 69049 2.029004655
82 23 3 100 44285 2.029078419
41 13 3 100 149694 2.029094906
36 67 3 100 44237 2.029119219
15 96 3 100 4176585 2.029145562
81 36 3 100 75362 2.029216971
75 21 3 100 44420 2.029300924
67 96 3 100 1065846 2.029308647
92 56 3 100 744026 2.029321769
15 80 3 100 59293 2.029365488
27 108 3 100 36315 2.029382019
61 64 3 100 15386 2.029396863
126 48 3 100 23478 2.029429966
53 5 3 100 15544 2.029476613
1 103 3 100 73140 2.029484439
57 8 3 100 46047 2.029501154
56 35 3 100 15772 2.029505318
93 46 3 100 10631 2.029506582
31 68 3 100 27169 2.029546873
2 20 3 100 1477273 2.029569490
96 69 3 100 199656 2.029685422
72 51 3 100 14858 2.029796262
57 59 3 100 222330 2.029801229
117 94 3 100 6090333 2.029817800
79 78 3 100 7591303 2.029819291
60 119 3 100 4599723 2.029849666
106 10 3 100 486796 2.029862258
59 42 3 100 20028 2.029864705
3 1 3 100 6315111 2.029867660
58 92 3 100 7330260 2.029867969
16 27 3 100 5482 2.029880070
111 35 3 100 24861 2.029895649
81 9 3 100 133687 2.029912191
64 74 3 100 3789270 2.029972499
31 41 3 100 33256 2.029978924
110 59 3 100 493 2.030015350
61 71 3 100 447942 2.030032471
75 98 3 100 42621 2.030109019
120 4 3 100 13863 2.030109224
63 27 3 100 10243 2.030147389
18 53 3 100 1173671 2.030149525
34 48 3 100 36673 2.030178115
13 82 3 100 1587377 2.030306614
59 126 3 100 22139 2.030321012
0 21 3 100 27807 2.030328253
65 7 3 100 40800 2.030330878
89 27 3 100 11275186 2.030368361
40 80 3 100 438648 2.030438780
24 122 3 100 3233001 2.030459444
7 122 3 100 112718 2.030483551
106 56 3 100 946044 2.030513073
102 111 3 100 19441884 2.030542383
84 65 3 100 62521 2.030551660
15 97 3 100 140712 2.030594009
110 58 3 100 13347 2.030626323
23 96 3 100 8117 2.030627075
63 48 3 100 1979696 2.030688332
57 91 3 100 4539482 2.030698848
28 105 3 100 48686 2.030727182
93 98 3 100 123849 2.030757645
108 22 3 100 19140 2.030761752
112 42 3 100 6412 2.030775055
29 59 3 100 6675 2.030789423
36 49 3 100 23116 2.030837256
80 124 3 100 77410 2.030851698
56 100 3 100 4170127 2.030872694
110 58 3 100 8200261 2.030890365
57 120 3 100 9306404 2.030922279
92 81 3 100 1956 2.030961178
65 42 3 100 22944 2.030996445
53 18 3 100 1209838 2.031004315
122 73 3 100 772094 2.031045617
85 46 3 100 6439 2.031095296
20 83 3 100 9544 2.031138270
5 16 3 100 66329 2.031152020
122 32 3 100 1332780 2.031203484
7 28 3 100 2735941 2.031225567
52 1 3 100 692255 2.031287586
97 31 3 100 32142 2.031288669
9 56 3 100 59312 2.031297308
20 2 3 100 41166 2.031298959
41 107 3 100 9797280 2.031440221
63 36 3 100 26871 2.031446920
57 3 3 100 8652 2.031492057
62 34 3 100 38976 2.031539740
36 6 3 100 37743 2.031721159
42 100 3 100 52974 2.031733531
32 55 3 100 1723118 2.031735028
9 23 3 100 77050 2.031761446
4 64 3 100 75124 2.031766325
126 44 3 100 23409 2.031769575
9 118 3 100 7714487 2.031848950
6 17 3 100 4961929 2.031854105
81 20 3 100 12234 2.031866183
86 68 3 100 8903091 2.031866208
22 3 3 100 5113 2.031877263
24 81 3 100 52674 2.031891906
95 22 3 100 4719189 2.031909254
60 120 3 100 3176330 2.031914558
65 69 3 100 21559 2.031924637
94 89 3 100 105533 2.031963260
94 78 3 100 87855 2.032021664
50 25 3 100 3798 2.032127729
86 80 3 100 26139 2.032192032
107 45 3 100 1764 2.032266772
69 60 3 100 197096 2.032275162
108 54 3 100 1237200 2.032314610
18 112 3 100 41364 2.032471657
51 57 3 100 2980765 2.032480830
23 100 3 100 286279 2.032523364
61 108 3 100 1553740 2.032577656
9 15 3 100 29118 2.032607650
14 6 3 100 3708753 2.032660708
124 70 3 100 433 2.032697000
67 33 3 100 51451 2.032702017
47 57 3 100 3322665 2.032744606
29 83 3 100 924824 2.032787360
23 31 3 100 7282 2.032802852
93 20 3 100 166540 2.032837487
111 110 3 100 638044 2.032912596
98 60 3 100 679939 2.032916658
120 68 3 100 4631915 2.032960062
112 61 3 100 9126 2.032970818
102 98 3 100 46493 2.032986313
114 58 3 100 88655 2.033019623
41 108 3 100 186971 2.033070226
51 11 3 100 46363 2.033203049
49 116 3 100 65986 2.033330866
16 126 3 100 1702 2.033350295
30 100 3 100 4704 2.033385822
14 70 3 100 5383487 2.033388318
22 35 3 100 54746 2.033405205
25 62 3 100 70838 2.033416935
16 12 3 100 23344927 2.033428268
100 83 3 100 32806 2.033446323
17 96 3 100 11231838 2.033537661
125 112 3 100 9598 2.033562235
89 94 3 100 7647843 2.033583390
97 70 3 100 1929077 2.033613939
37 93 3 100 26507090 2.033705016
105 61 3 100 2346812 2.033724823
85 44 3 100 3823 2.033726406
75 55 3 100 5825510 2.033762956
82 42 3 100 1101598 2.033784369
72 38 3 100 8117 2.033814969
87 40 3 100 60473 2.033843865
42 11 3 100 181857 2.033854149
0 62 3 100 8408 2.033922613
72 26 3 100 24526 2.033926092
34 96 3 100 10909 2.033980458
34 33 3 100 114082 2.033998133
73 35 3 100 186069 2.033999095
101 109 3 100 2315 2.034014350
54 101 3 100 617191 2.034103098
7 79 3 100 34147 2.034107873
50 93 3 100 2092671 2.034121429
22 78 3 100 1077890 2.034163721
88 101 3 100 2094216 2.034165281
70 21 3 100 4243651 2.034186738
70 37 3 100 2864763 2.034192678
93 101 3 100 46971 2.034239330
23 101 3 100 1338622 2.034254513
99 3 3 100 4181038 2.034297695
44 34 3 100 4858368 2.034314567
81 49 3 100 545348 2.034326062
73 88 3 100 72414 2.034391750
76 19 3 100 2160777 2.034402566
32 86 3 100 41509 2.034422958
31 120 3 100 8940 2.034469057
12 71 3 100 4994 2.034478993
26 41 3 100 17625 2.034555838
108 79 3 100 59885 2.034567386
113 36 3 100 75692 2.034623165
30 56 3 100 45201 2.034625391
42 109 3 100 31799 2.034683300
122 109 3 100 633 2.034685581
22 91 3 100 28176 2.034691857
88 111 3 100 2418101 2.034770016
117 39 3 100 1836264 2.034844192
122 109 3 100 45113 2.034932821
73 35 3 100 1181241 2.034939796
89 50 3 100 6103 2.034993632
44 54 3 100 8470 2.035068362
51 15 3 100 62627 2.035142670
113 115 3 100 1955409 2.035148872
102 116 3 100 57144 2.035201656
74 110 3 100 21425 2.035202797
84 60 3 100 4285753 2.035216644
63 110 3 100 7622 2.035248946
28 97 3 100 4512235 2.035258302
54 4 3 100 16725 2.035330806
41 10 3 100 2267456 2.035387864
112 127 3 100 534754 2.035415185
10 62 3 100 8738 2.035441930
10 88 3 100 55963 2.035570056
82 26 3 100 41294 2.035606010
127 93 3 100 70628 2.035615282
36 51 3 100 180675 2.035654467
74 66 3 100 3130887 2.035670683
102 46 3 100 6890166 2.035697953
87 8 3 100 4671 2.035707251
83 124 3 100 874239 2.035742008
117 121 3 100 12243 2.035771841
8 123 3 100 876153 2.035819855
38 23 3 100 18229674 2.035870456
67 37 3 100 33299 2.035944661
19 16 3 100 35389 2.035948048
27 84 3 100 3721988 2.036029452
98 32 3 100 10117 2.036036129
36 93 3 100 5115 2.036090422
31 74 3 100 3902688 2.036106133
91 127 3 100 2664 2.036172442
20 61 3 100 41948 2.036216136
65 17 3 100 26849302 2.036321974
80 105 3 100 59771 2.036356772
98 1 3 100 22392 2.036374504
22 96 3 100 41448 2.036464485
54 126 3 100 3981395 2.036508291
2 45 3 100 8005643 2.036540106
20 34 3 100 65484 2.036564351
80 26 3 100 65404 2.036618269
47 74 3 100 1768553 2.036638682
92 20 3 100 885346 2.036658564
89 116 3 100 13565 2.036669553
51 119 3 100 709828 2.036696964
75 49 3 100 12009 2.036719736
80 53 3 100 7248 2.036737775
21 30 3 100 62222 2.036740259
104 57 3 100 30911 2.036765396
57 127 3 100 190362 2.036827946
48 122 3 100 32588 2.036839729
68 106 3 100 908049 2.036845573
12 6 3 100 8506621 2.036850873
37 19 3 100 3002261 2.036933768
98 44 3 100 7535 2.036996271
122 63 3 100 82663 2.036996530
92 79 3 100 6441 2.037028534
117 45 3 100 67388 2.037113902
3 27 3 100 6919322 2.037122406
100 68 3 100 27916 2.037140574
112 111 3 100 3789086 2.037230393
78 33 3 100 4208850 2.037265119
122 54 3 100 36162 2.037326150
30 124 3 100 18447 2.037350895
75 6 3 100 1822370 2.037364649
56 71 3 100 1613184 2.037371020
40 73 3 100 46154 2.037401572
34 38 3 100 8103 2.037423425
100 82 3 100 9206 2.037424576
74 107 3 100 37733 2.037529905
71 52 3 100 519497 2.037535551
116 68 3 100 5461243 2.037567421
45 113 3 100 20527 2.037643923
80 85 3 100 26676 2.037650990
64 95 3 100 7227328 2.037654128
118 11 3 100 8354 2.037682006
53 19 3 100 22286 2.037688513
8 102 3 100 69368 2.037746560
15 113 3 100 6780 2.037756930
37 1 3 100 6875727 2.037763329
48 27 3 100 49482 2.037805173
0 113 3 100 25420 2.037891719
98 79 3 100 9733 2.037895273
68 116 3 100 7756 2.037917142
68 60 3 100 8086589 2.037940415
111 93 3 100 1488309 2.037944498
110 56 3 100 3916 2.037947969
98 48 3 100 4784498 2.037974437
15 43 3 100 1340320 2.037990438
125 72 3 100 25586 2.037996426
59 8 3 100 18728834 2.038003313
114 58 3 100 21618 2.038016983
43 55 3 100 6311179 2.038035974
84 105 3 100 21349 2.038101363
88 70 3 100 2818225 2.038107742
124 11 3 100 8491 2.038135827
118 117 3 100 19273 2.038149380
91 54 3 100 68621 2.038163783
64 76 3 100 78685 2.038322050
35 19 3 100 53988 2.038357807
59 31 3 100 1565409 2.038475074
70 116 3 100 6012582 2.038491559
21 110 3 100 6822 2.038538119
73 83 3 100 8548 2.038574072
71 126 3 100 15066 2.038611136
56 106 3 100 48119 2.038647792
27 11 3 100 8423308 2.038650629
96 98 3 100 79302 2.038701357
119 105 3 100 24947 2.038712191
110 27 3 100 3615128 2.038719102
12 33 3 100 4348359 2.038750491
100 9 3 100 16806 2.038872714
122 6 3 100 6849697 2.038905047
112 44 3 100 5024290 2.038923707
71 73 3 100 3326530 2.038932559
61 36 3 100 20707 2.038934771
79 19 3 100 127715 2.038938956
28 22 3 100 71562 2.039008671
115 47 3 100 6329 2.039014237
36 6 3 100 65149 2.039019992
7 60 3 100 6168 2.039073575
43 63 3 100 72224 2.039111204
67 69 3 100 75544 2.039207028
15 41 3 100 4305 2.039210042
78 87 3 100 26101 2.039270698
58 13 3 100 952545 2.039332326
105 13 3 100 9211146 2.039434310
115 51 3 100 1733102 2.039464714
123 50 3 100 44226 2.039482655
15 125 3 100 21737466 2.039801717
43 53 3 100 30129 2.039814903
20 28 3 100 76966 2.039818673
104 8 3 100 13774 2.039958540
1 102 3 100 2716006 2.040027201
111 7 3 100 3335 2.040032307
84 98 3 100 23735 2.040057610
50 64 3 100 28520 2.040102952
100 76 3 100 896956 2.040124808
55 91 3 100 452 2.040128708
84 82 3 100 1661954 2.040154567
70 32 3 100 71023 2.040225941
110 30 3 100 21664 2.040281224
124 94 3 100 64388 2.040282157
29 5 3 100 1460304 2.040410940
48 115 3 100 366515 2.040435386
68 123 3 100 1887818 2.040442330
34 110 3 100 61417 2.040488206
98 65 3 100 3213811 2.040492682
1 89 3 100 2896625 2.040502409
65 25 3 100 424 2.040563521
71 89 3 100 41035 2.040566849
123 70 3 100 14632 2.040626610
98 73 3 100 636266 2.040644972
7 76 3 100 4320807 2.040645078
23 72 3 100 66068 2.040733354
83 78 3 100 29318 2.040746504
83 33 3 100 9748739 2.040813879
37 71 3 100 139400 2.040820868
81 30 3 100 623547 2.040882985
20 109 3 100 14063 2.040908637
85 95 3 100 36608 2.040916698
96 116 3 100 20749 2.040938801
79 124 3 100 760 2.040944709
60 127 3 100 12960 2.040951619
93 50 3 100 4757768 2.040968486
10 56 3 100 2201227 2.040985195
54 4 3 100 5257505 2.041012116
80 6 3 100 7958296 2.041050934
97 98 3 100 7196084 2.041061216
115 73 3 100 718016 2.041195935
68 17 3 100 49021 2.041211878
51 7 3 100 3974366 2.041218188
127 68 3 100 22835 2.041231963
7 47 3 100 10344758 2.041248861
42 27 3 100 949 2.041307942
33 75 3 100 10351 2.041310241
31 115 3 100 658264 2.041315329
31 34 3 100 28494 2.041395552
21 64 3 100 977944 2.041452935
74 57 3 100 41283 2.041502411
109 51 3 100 8927217 2.041540140
87 14 3 100 79375 2.041565150
101 62 3 100 358 2.041598253
93 17 3 100 9292182 2.041607559
70 36 3 100 30322 2.041629949
82 32 3 100 9123941 2.041629990
73 33 3 100 10146 2.041676431
27 113 3 100 9500438 2.041743330
65 49 3 100 507029 2.041780474
94 60 3 100 5196 2.041812090
97 35 3 100 9804 2.041814854
119 52 3 100 4790731 2.041830537
85 89 3 100 1135265 2.041859811
50 68 3 100 178436 2.041912727
89 28 3 100 55169 2.041929724
74 14 3 100 49771 2.041943679
64 15 3 100 8799266 2.041946728
119 80 3 100 2492770 2.041967160
3 81 3 100 4956 2.042030448
96 11 3 100 23381 2.042058144
0 40 3 100 6409 2.042174982
60 116 3 100 246 2.042259883
33 71 3 100 20884 2.042291485
27 44 3 100 33463 2.042342492
50 112 3 100 5668214 2.042358638
126 41 3 100 1180 2.042360527
69 94 3 100 1061 2.042372018
119 101 3 100 61948 2.042388061
69 43 3 100 1230 2.042492797
9 27 3 100 12177 2.042567363
85 54 3 100 1030785 2.042570108
113 33 3 100 25025 2.042608854
119 92 3 100 55871 2.042615076
65 112 3 100 4914152 2.042691361
87 14 3 100 43867 2.042746645
66 36 3 100 501860 2.042757391
38 118 3 100 44859 2.042795945
47 45 3 100 49205 2.042806109
127 22 3 100 2327 2.042864661
105 16 3 100 59988 2.042916268
111 16 3 100 2467303 2.042927984
23 57 3 100 20287 2.042935017
50 86 3 100 4407081 2.042955236
20 44 3 100 1901815 2.042995378
94 75 3 100 3878475 2.043013029
94 97 3 100 55062 2.043081044
92 127 3 100 513276 2.043082142
76 110 3 100 73289 2.043090533
11 62 3 100 4484130 2.043101692
92 85 3 100 60245 2.043102378
25 30 3 100 9533 2.043134614
43 40 3 100 24311 2.043211749
81 22 3 100 28092 2.043222107
23 68 3 100 7261 2.043228428
106 4 3 100 54677 2.043232693
56 65 3 100 16254 2.043236077
59 79 3 100 20950 2.043260104
88 21 3 100 23777 2.043288175
94 88 3 100 4794 2.043295064
102 126 3 100 32143 2.043349356
12 53 3 100 5235 2.043382113
4 23 3 100 5606 2.043417886
36 9 3 100 260599 2.043444486
121 42 3 100 3382429 2.043451055
103 6 3 100 3066601 2.043524623
95 11 3 100 40082 2.043539513
100 118 3 100 8778 2.043557842
61 83 3 100 2067881 2.043579022
87 18 3 100 24369355 2.043710272
69 15 3 100 76182 2.043711875
59 49 3 100 6134475 2.043734870
115 79 3 100 26862 2.043741287
42 84 3 100 2384093 2.043918055
36 95 3 100 11354 2.043918835
121 83 3 100 60981 2.043940687
103 7 3 100 11828301 2.043948435
84 90 3 100 1025178 2.043954541
56 44 3 100 19765 2.044027538
115 22 3 100 22485 2.044060781
107 120 3 100 6450 2.044162093
30 11 3 100 29605785 2.044242980
19 17 3 100 42203 2.044267481
61 95 3 100 12968306 2.044334591
104 50 3 100 1530131 2.044375808
53 2 3 100 39686 2.044383163
108 127 3 100 61482 2.044414814
89 76 3 100 17164 2.044467791
73 98 3 100 8296 2.044477186
48 99 3 100 1256320 2.044477262
18 99 3 100 7384025 2.044514325
16 64 3 100 1020 2.044584012
18 120 3 100 47734 2.044600206
104 121 3 100 54113 2.044602243
57 30 3 100 1537 2.044650477
111 65 3 100 156693 2.044686880
120 45 3 100 1334 2.044720226
75 98 3 100 10868003 2.044734731
123 105 3 100 4505419 2.044751288
52 126 3 100 40617 2.044797613
26 7 3 100 74260 2.044832394
23 5 3 100 1971474 2.044943522
34 49 3 100 44560 2.044974674
4 94 3 100 3750171 2.044984890
47 41 3 100 70775 2.045050730
42 57 3 100 16330 2.045114121
0 17 3 100 21297 2.045214568
54 51 3 100 23420 2.045245432
68 35 3 100 29644 2.045329768
110 53 3 100 49540 2.045392213
34 62 3 100 22591 2.045415838
36 80 3 100 4871040 2.045436319
68 84 3 100 14611 2.045453548
16 7 3 100 3965981 2.045457056
85 13 3 100 838518 2.045481198
59 7 3 100 8422159 2.045588666
84 37 3 100 41630 2.045633473
102 101 3 100 4983584 2.045860764
40 64 3 100 16827 2.045872434
52 114 3 100 2539962 2.045877340
47 37 3 100 2620 2.045983381
34 41 3 100 14005 2.046015147
50 58 3 100 70098 2.046133479
81 19 3 100 3033340 2.046199603
19 31 3 100 44089 2.046224570
91 126 3 100 151545 2.046284711
64 13 3 100 99295 2.046347705
118 41 3 100 66543 2.046355540
101 40 3 100 121401 2.046417980
50 89 3 100 13076 2.046462627
50 94 3 100 819323 2.046492288
51 81 3 100 46665 2.046529227
15 81 3 100 28167 2.046538748
0 18 3 100 46118 2.046553132
54 92 3 100 22322 2.046627383
87 114 3 100 10109 2.046689417
20 76 3 100 7282146 2.046739495
49 69 3 100 48085 2.046788145
50 1 3 100 6299 2.046827926
119 63 3 100 7024 2.046967554
111 51 3 100 3380664 2.047003206
48 118 3 100 1041352 2.047016159
101 105 3 100 1774150 2.047026263
95 72 3 100 9940321 2.047036814
0 104 3 100 22069 2.047046970
106 125 3 100 3099 2.047049966
5 102 3 100 19120 2.047064412
87 3 3 100 7593 2.047086495
17 95 3 100 1398385 2.047125431
14 87 3 100 35047 2.047146313
48 112 3 100 103423 2.047222527
47 116 3 100 1903431 2.047258543
33 73 3 100 6707 2.047269429
66 69 3 100 24121 2.047276456
117 40 3 100 78664 2.047284617
44 26 3 100 26653 2.047317826
7 120 3 100 5580 2.047320212
39 106 3 100 14131 2.047399330
98 3 3 100 7876 2.047415297
2 20 3 100 22582 2.047418302
11 105 3 100 1415802 2.047445331
23 120 3 100 1093617 2.047452182
111 3 3 100 1425532 2.047455377
69 68 3 100 27141 2.047473379
14 92 3 100 3257585 2.047481248
33 48 3 100 158083 2.047497689
116 20 3 100 35042 2.047556753
39 114 3 100 2367554 2.047604652
45 99 3 100 2487 2.047620947
12 57 3 100 8087230 2.047626575
120 75 3 100 2855 2.047683218
14 60 3 100 66768 2.047683933
53 66 3 100 993161 2.047703912
26 99 3 100 635 2.047714097
106 38 3 100 8212 2.047831261
40 103 3 100 7615850 2.047870084
115 121 3 100 30957 2.047931336
22 6 3 100 9448 2.047971617
29 57 3 100 25188 2.048004920
84 64 3 100 48785 2.048100200
93 57 3 100 32043 2.048114406
64 22 3 100 2915070 2.048148128
47 21 3 100 220432 2.048189176
85 56 3 100 389545 2.048208978
96 28 3 100 51687 2.048250578
46 73 3 100 66451 2.048293387
101 26 3 100 464206 2.048297729
14 66 3 100 1947931 2.048327204
65 114 3 100 2498 2.048362906
49 58 3 100 1427260 2.048424384
54 59 3 100 2241719 2.048461024
26 95 3 100 4872140 2.048485275
20 76 3 100 8910618 2.048495591
109 42 3 100 1210158 2.048502640
114 91 3 100 15881 2.048528224
0 38 3 100 1866594 2.048564516
60 3 3 100 20490 2.048600961
22 68 3 100 5324 2.048606306
76 19 3 100 1316 2.048656250
44 79 3 100 29224551 2.048658029
58 61 3 100 41628 2.048667225
73 10 3 100 442471 2.048721116
118 98 3 100 980194 2.048775203
79 23 3 100 571095 2.048823715
21 63 3 100 56034 2.048832874
107 100 3 100 476235 2.048837816
61 90 3 100 55963 2.048847555
85 116 3 100 25392 2.048849409
98 49 3 100 103915 2.048878709
51 123 3 100 42962 2.048902685
107 88 3 100 42825 2.048912828
52 102 3 100 64245 2.048961415
10 71 3 100 810014 2.048972452
34 79 3 100 810874 2.048982178
93 112 3 100 64129 2.049033732
120 50 3 100 61682 2.049034722
91 114 3 100 7885 2.049047623
70 7 3 100 52772 2.049226141
99 90 3 100 740365 2.049238783
60 21 3 100 29400 2.049251124
55 10 3 100 12808 2.049266593
68 8 3 100 66904 2.049296647
45 42 3 100 1099340 2.049325483
30 97 3 100 17648 2.049331847
88 39 3 100 25268 2.049486672
62 30 3 100 22154 2.049509088
34 17 3 100 2410318 2.049572450
116 63 3 100 1904717 2.049578660
33 29 3 100 6144152 2.049590605
38 11 3 100 27723 2.049711457
9 28 3 100 6410332 2.049752474
11 25 3 100 105527 2.049769442
115 90 3 100 6630438 2.049787425
48 93 3 100 75807 2.049877900
81 79 3 100 4301010 2.049918848
38 15 3 100 29283 2.049929202
65 11 3 100 1459457 2.049968759
78 66 3 100 48318 2.050035117
28 22 3 100 205407 2.050040599
74 97 3 100 4355965 2.050078709
87 37 3 100 12342997 2.050150883
121 75 3 100 356348 2.050189121
9 44 3 100 1509055 2.050249803
47 90 3 100 9335 2.050355445
4 7 3 100 29519 2.050368103
44 121 3 100 32327 2.050379297
70 64 3 100 22868 2.050379812
42 116 3 100 75050 2.050383497
104 97 3 100 1517 2.050415944
98 95 3 100 9314178 2.050433142
101 40 3 100 3727 2.050517181
77 99 3 100 28603 2.050550691
29 89 3 100 485306 2.050582111
6 102 3 100 1604800 2.050606410
62 110 3 100 17230 2.050743720
44 20 3 100 727423 2.050872493
91 116 3 100 62187 2.050905214
73 96 3 100 41616 2.050908070
112 23 3 100 9240 2.050932430
50 42 3 100 191 2.050937538
94 89 3 100 57123 2.050975246
105 89 3 100 23116 2.051001537
45 33 3 100 20817 2.051020580
106 42 3 100 66389 2.051027474
82 99 3 100 3681 2.051032941
19 99 3 100 179083 2.051087741
5 71 3 100 24391 2.051099801
58 85 3 100 1228583 2.051112991
71 52 3 100 1875459 2.051117791
77 28 3 100 537032 2.051118866
98 50 3 100 119728 2.051186055
1 2 3 100 144019 2.051241911
53 25 3 100 8798210 2.051242245
87 8 3 100 1931527 2.051252741
69 113 3 100 1999762 2.051256484
1 38 3 100 76175 2.051309579
3 119 3 100 24778 2.051329634
6 101 3 100 593113 2.051360567
106 88 3 100 5069896 2.051386353
91 9 3 100 2382 2.051400123
82 125 3 100 48147 2.051412600
3 100 3 100 9367 2.051444897
45 0 3 100 22491 2.051476182
8 91 3 100 1194045 2.051482703
84 75 3 100 1603665 2.051487308
14 81 3 100 1774142 2.051517121
2 71 3 100 14622 2.051530703
25 81 3 100 1533883 2.051555999
90 100 3 100 26115 2.051611680
51 113 3 100 24505 2.051630300
72 87 3 100 25975 2.051647833
39 16 3 100 2489 2.051649866
98 65 3 100 352392 2.051671081
90 106 3 100 52820 2.051680224
29 41 3 100 4108 2.051712243
108 3 3 100 18926137 2.051741792
84 36 3 100 33051 2.051795524
0 31 3 100 2916 2.051810627
119 75 3 100 3828941 2.051865503
112 51 3 100 32301 2.051933448
61 56 3 100 2966533 2.051937401
55 83 3 100 60382 2.051942902
11 15 3 100 16516 2.051942987
26 42 3 100 2632479 2.051962083
110 39 3 100 22852 2.052016799
22 32 3 100 8086951 2.052019585
103 9 3 100 2697353 2.052026893
65 9 3 100 45847 2.052033930
84 62 3 100 361284 2.052039175
92 101 3 100 1119 2.052064003
4 42 3 100 48681 2.052128946
61 91 3 100 29981 2.052181008
41 63 3 100 859645 2.052182108
19 112 3 100 31233 2.052193755
50 82 3 100 2952953 2.052280747
94 72 3 100 9694555 2.052323875
77 29 3 100 1483525 2.052326234
2 70 3 100 46 2.052344472
52 120 3 100 15618 2.052350783
77 17 3 100 5387 2.052384351
8 79 3 100 29725 2.052432315
116 87 3 100 15935 2.052497542
33 9 3 100 5305019 2.052513948
100 117 3 100 57703 2.052569103
42 111 3 100 5923 2.052615967
90 28 3 100 1931592 2.052669293
65 55 3 100 19547 2.052680435
41 77 3 100 2836 2.052702246
43 106 3 100 4219291 2.052707128
39 112 3 100 10056 2.052729074
84 38 3 100 538235 2.052752590
2 106 3 100 1741552 2.052775120
96 5 3 100 3352226 2.052833304
124 109 3 100 9190813 2.052840227
80 5 3 100 1968591 2.052869323
7 16 3 100 1734 2.052967196
75 77 3 100 555654 2.052988938
98 0 3 100 59608 2.053004364
81 86 3 100 177314 2.053014221
25 44 3 100 59832 2.053016589
79 118 3 100 3424 2.053062275
64 110 3 100 54054 2.053087224
85 38 3 100 599659 2.053150919
113 122 3 100 953558 2.053153248
124 64 3 100 21174791 2.053158000
41 124 3 100 24721 2.053179785
87 9 3 100 11878 2.053285467
13 61 3 100 1437044 2.053337556
27 119 3 100 39668 2.053459491
37 65 3 100 52962 2.053524046
84 54 3 100 5655 2.053532263
2 71 3 100 6090 2.053553977
90 87 3 100 19118815 2.053608598
119 35 3 100 43915 2.053637242
123 71 3 100 6658856 2.053651296
5 27 3 100 73003 2.053782389
34 98 3 100 5423551 2.053791229
29 98 3 100 20205 2.053879444
32 103 3 100 216472 2.053907270
83 85 3 100 5995 2.053940706
89 1 3 100 39200 2.053962324
110 7 3 100 114130 2.054001680
76 75 3 100 51663 2.054003501
90 109 3 100 99238 2.054017987
119 16 3 100 248027 2.054028810
27 11 3 100 1266230 2.054032556
1 50 3 100 73560 2.054049682
61 15 3 100 834688 2.054077160
9 2 3 100 63358 2.054123971
32 96 3 100 2790 2.054133096
101 32 3 100 116253 2.054140509
19 109 3 100 3253557 2.054172749
52 91 3 100 561156 2.054251300
2 110 3 100 124164 2.054257954
29 126 3 100 9779 2.054290483
11 62 3 100 2563267 2.054293945
116 86 3 100 52882 2.054355656
1 67 3 100 41472 2.054358692
74 116 3 100 43614 2.054402149
118 21 3 100 1632229 2.054418419
92 51 3 100 569839 2.054456747
0 115 3 100 5224 2.054457956
74 23 3 100 5847 2.054479217
32 68 3 100 11755 2.054485474
43 34 3 100 67909 2.054491197
64 70 3 100 34699 2.054546651
117 105 3 100 11923242 2.054612418
43 11 3 100 160429 2.054647543
32 113 3 100 1512358 2.054654577
11 126 3 100 2600956 2.054720912
71 83 3 100 829962 2.054808020
36 52 3 100 3198750 2.054873933
60 48 3 100 1837657 2.054883793
58 98 3 100 18160 2.054913252
49 77 3 100 21540 2.054929781
126 93 3 100 9852210 2.054999168
43 99 3 100 21884 2.055021670
43 6 3 100 20411 2.055054598
115 109 3 100 12478 2.055066487
94 76 3 100 53895 2.055070661
73 69 3 100 1355800 2.055108067
61 17 3 100 914057 2.055180388
34 22 3 100 583987 2.055204982
106 93 3 100 21728 2.055223596
125 72 3 100 831560 2.055380035
50 45 3 100 845147 2.055441537
12 23 3 100 6470 2.055446782
85 100 3 100 64980 2.055516442
97 115 3 100 160148 2.055546922
34 22 3 100 4697565 2.055679435
80 17 3 100 332906 2.055730316
120 84 3 100 796569 2.055818085
5 45 3 100 42517 2.055824688
2 11 3 100 11417 2.055868833
79 101 3 100 185209 2.055896647
34 40 3 100 8038 2.055965898
113 41 3 100 78398 2.055976424
89 81 3 100 2918837 2.055992318
14 42 3 100 3098892 2.056007464
22 73 3 100 8302371 2.056083719
6 33 3 100 54075 2.056104908
89 24 3 100 152947 2.056108678
71 75 3 100 7463 2.056143847
17 64 3 100 21083 2.056191541
127 75 3 100 40826 2.056194341
58 63 3 100 15954 2.056225330
93 28 3 100 4426526 2.056226284
96 114 3 100 3342223 2.056279574
38 81 3 100 3985650 2.056304721
0 42 3 100 113977 2.056365170
45 14 3 100 2339 2.056398183
67 83 3 100 38487 2.056425538
31 39 3 100 59591 2.056427826
48 4 3 100 24417 2.056459251
55 126 3 100 3364526 2.056462844
8 90 3 100 55509 2.056563877
64 71 3 100 1808838 2.056679751
13 115 3 100 73152 2.056691235
81 83 3 100 7902224 2.056695618
1 45 3 100 31904 2.056709899
49 107 3 100 831283 2.056800095
106 82 3 100 4984141 2.056858754
93 4 3 100 3434271 2.056864338
112 59 3 100 15662117 2.056901958
109 100 3 100 37011 2.056912730
83 80 3 100 27625 2.056951637
125 89 3 100 4332326 2.056962016
45 62 3 100 4933 2.057009926
103 63 3 100 1353865 2.057011224
97 9 3 100 9638804 2.057037272
26 13 3 100 12355 2.057127640
74 103 3 100 18601 2.057158612
27 57 3 100 6926452 2.057177256
104 127 3 100 4833694 2.057186576
16 13 3 100 2456597 2.057277309
108 87 3 100 2790835 2.057277567
60 41 3 100 11368 2.057306747
90 10 3 100 2845 2.057320385
53 76 3 100 1006739 2.057329950
66 37 3 100 2715 2.057476043
12 62 3 100 13189 2.057476254
44 90 3 100 6749 2.057477535
57 6 3 100 7290467 2.057479469
35 73 3 100 7711 2.057481887
12 30 3 100 1098831 2.057492799
102 31 3 100 80216 2.057558847
28 123 3 100 33764 2.057623946
127 36 3 100 41102 2.057631545
115 61 3 100 22792 2.057681675
93 19 3 100 19143 2.057750438
88 81 3 100 680611 2.057782303
81 39 3 100 3053160 2.057818983
79 80 3 100 4909696 2.057876645
14 6 3 100 25484 2.058033382
53 6 3 100 70898 2.058047155
55 81 3 100 144288 2.058126558
68 1 3 100 375881 2.058164306
56 43 3 100 1358 2.058196108
73 98 3 100 63459 2.058213612
73 58 3 100 74615 2.058251559
21 56 3 100 135759 2.058256673
53 48 3 100 185661 2.058264452
87 65 3 100 76626 2.058284223
73 111 3 100 781174 2.058377868
17 21 3 100 67377 2.058453067
70 5 3 100 7171 2.058460744
124 24 3 100 966420 2.058520137
75 67 3 100 3442912 2.058546160
98 3 3 100 40814 2.058561154
30 78 3 100 226988 2.058646007
80 20 3 100 17869 2.058674046
118 112 3 100 3937 2.058687651
37 28 3 100 8575 2.058840953
12 66 3 100 25619 2.058866878
8 114 3 100 30390 2.058907430
63 14 3 100 22215 2.058932596
63 15 3 100 6710804 2.058940072
68 114 3 100 1302052 2.059039026
59 3 3 100 95092 2.059085108
18 75 3 100 5382993 2.059106381
37 59 3 100 1290973 2.059127029
60 93 3 100 4115 2.059155937
62 49 3 100 29384 2.059218061
125 102 3 100 1239330 2.059224644
77 22 3 100 1839566 2.059269323
46 56 3 100 18057 2.059377655
30 8 3 100 151986 2.059389794
2 85 3 100 668587 2.059425933
24 43 3 100 80282 2.059481740
32 111 3 100 933879 2.059545454
123 116 3 100 695407 2.059586005
38 76 3 100 1560142 2.059637373
69 1 3 100 48181 2.059648437
28 53 3 100 3715751 2.059659429
27 18 3 100 16723 2.059754214
1 101 3 100 3008 2.059773899
111 18 3 100 349 2.059825953
108 13 3 100 16591 2.059839609
100 0 3 100 47740 2.059847524
67 77 3 100 957868 2.060034067
107 12 3 100 2737 2.060162507
97 18 3 100 16112 2.060224479
31 30 3 100 24624 2.060252371
78 29 3 100 40342 2.060264667
15 49 3 100 153698 2.060309002
103 117 3 100 7645 2.060405675
58 17 3 100 4363 2.060456333
22 52 3 100 27305 2.060458322
117 47 3 100 40954 2.060476324
106 99 3 100 14500857 2.060518405
52 97 3 100 19670 2.060558341
3 21 3 100 66030 2.060560818
87 56 3 100 28307 2.060564151
19 56 3 100 11482 2.060582606
96 85 3 100 2570529 2.060587470
9 40 3 100 23319 2.060601432
59 26 3 100 2074607 2.060637596
49 39 3 100 58185 2.060718086
52 97 3 100 33764 2.060729951
99 58 3 100 587 2.060765194
66 53 3 100 2305 2.060907315
61 43 3 100 15744 2.060998520
76 41 3 100 79008 2.061027473
89 5 3 100 5033 2.061044574
86 73 3 100 13844 2.061053715
28 101 3 100 49704 2.061117709
119 19 3 100 15564 2.061146660
127 44 3 100 176856 2.061152139
65 97 3 100 182866 2.061154809
72 99 3 100 7997 2.061156816
67 35 3 100 2703 2.061241663
67 61 3 100 285982 2.061254410
23 94 3 100 169442 2.061288178
18 42 3 100 845238 2.061358834
121 16 3 100 21460 2.061379470
6 95 3 100 967232 2.061422494
111 83 3 100 238854 2.061476560
69 68 3 100 21232 2.061487939
35 86 3 100 157983 2.061551262
122 3 3 100 45140 2.061556522
66 56 3 100 246 2.061613905
103 22 3 100 8060175 2.061698902
24 20 3 100 1475355 2.061727668
93 92 3 100 1229766 2.061761620
26 85 3 100 9108683 2.061780148
74 94 3 100 1870065 2.061804252
105 70 3 100 3541993 2.061926827
104 72 3 100 1031187 2.061972564
7 16 3 100 22838 2.061975947
9 69 3 100 310002 2.062014227
6 30 3 100 1178180 2.062024608
77 31 3 100 44047 2.062066495
17 83 3 100 1488655 2.062102786
99 1 3 100 702817 2.062114675
97 75 3 100 185959 2.062131398
55 51 3 100 1047845 2.062273442
56 96 3 100 4954677 2.062288812
91 98 3 100 936700 2.062303914
72 54 3 100 740 2.062356198
72 118 3 100 40278 2.062472144
96 23 3 100 139251 2.062538719
86 14 3 100 10021 2.062540310
104 101 3 100 939924 2.062604548
23 17 3 100 102483 2.062614247
112 26 3 100 150748 2.062793120
103 2 3 100 25824 2.062795418
100 30 3 100 6548 2.062843569
43 92 3 100 58225 2.062849750
74 33 3 100 4826838 2.062919940
80 57 3 100 1221926 2.062926697
90 125 3 100 8277209 2.062942601
35 42 3 100 47247 2.062953328
40 77 3 100 9475 2.063004402
111 79 3 100 5558 2.063032939
71 81 3 100 2725701 2.063097665
86 104 3 100 46076 2.063189497
74 22 3 100 2497162 2.063209532
14 9 3 100 24686 2.063260677
41 116 3 100 25389 2.063310393
61 42 3 100 3470383 2.063360950
107 57 3 100 60588 2.063361194
74 40 3 100 45725 2.063377003
3 73 3 100 64379 2.063395614
27 52 3 100 136136 2.063420875
127 75 3 100 923550 2.063423515
24 20 3 100 26131 2.063458208
93 81 3 100 20211 2.063475122
17 1 3 100 21369 2.063477754
103 126 3 100 9116476 2.063508941
61 6 3 100 39728 2.063536707
4 86 3 100 11060795 2.063633704
58 60 3 100 14931 2.063705655
15 105 3 100 4443113 2.063712404
94 110 3 100 37623 2.063738967
117 118 3 100 155168 2.063804368
55 95 3 100 4367233 2.063938556
43 90 3 100 14388 2.063939491
17 89 3 100 7216 2.063958798
66 123 3 100 21458 2.063993650
4 110 3 100 2313 2.064093059
0 64 3 100 1952971 2.064133634
8 118 3 100 20083 2.064142909
110 70 3 100 25341 2.064143993
116 14 3 100 28833 2.064146986
46 88 3 100 24520 2.064157360
18 72 3 100 8445659 2.064162953
51 6 3 100 4411 2.064181877
29 95 3 100 60755 2.064244491
49 100 3 100 562928 2.064272051
26 92 3 100 1057674 2.064299344
116 123 3 100 6064841 2.064300047
40 126 3 100 2668316 2.064421827
43 17 3 100 5797102 2.064442959
100 88 3 100 5686 2.064456797
9 126 3 100 224 2.064477030
104 27 3 100 4165316 2.064508132
17 62 3 100 20693 2.064541947
78 25 3 100 6299931 2.064605408
11 103 3 100 127164 2.064705504
50 84 3 100 4112721 2.064731903
56 46 3 100 64481 2.064770110
38 20 3 100 4924 2.064822090
51 119 3 100 59647 2.064885911
0 31 3 100 2099 2.064961080
114 34 3 100 9461522 2.064970140
69 41 3 100 52036 2.065066243
18 98 3 100 7277614 2.065068923
52 27 3 100 21379 2.065093328
50 103 3 100 7240425 2.065145139
96 4 3 100 21678 2.065148854
101 32 3 100 49910 2.065188681
112 99 3 100 5535 2.065195933
13 58 3 100 999146 2.065205256
55 13 3 100 283976 2.065231168
90 36 3 100 1858525 2.065282587
74 109 3 100 3998236 2.065301128
8 59 3 100 43276 2.065301581
79 82 3 100 84122 2.065321859
36 49 3 100 1866 2.065351303
105 40 3 100 8784 2.065364584
23 74 3 100 174 2.065404527
72 44 3 100 17003 2.065404599
48 64 3 100 197057 2.065406222
61 47 3 100 177707 2.065448834
76 86 3 100 22778284 2.065494108
17 68 3 100 4524627 2.065505398
28 102 3 100 13059 2.065514271
78 71 3 100 17236 2.065629342
35 56 3 100 59871 2.065630279
69 14 3 100 50276 2.065664656
72 116 3 100 381130 2.065768843
25 82 3 100 371373 2.065822253
93 19 3 100 6347 2.065919688
87 0 3 100 4511784 2.065926346
31 39 3 100 453046 2.065954786
56 17 3 100 1389943 2.065986604
50 27 3 100 44466 2.066009112
8 58 3 100 7700 2.066133127
121 102 3 100 50423 2.066145754
91 42 3 100 15341 2.066163765
51 106 3 100 14842 2.066238219
63 49 3 100 8268 2.066248908
21 28 3 100 25133 2.066270939
127 77 3 100 69607 2.066276304
94 58 3 100 105266 2.066298925
101 91 3 100 55315 2.066343570
79 56 3 100 777989 2.066382228
30 20 3 100 2249 2.066400959
66 78 3 100 4660 2.066445403
78 68 3 100 540 2.066565816
25 10 3 100 521849 2.066631497
71 10 3 100 104597 2.066656020
87 33 3 100 1263243 2.066694619
52 54 3 100 27070 2.066697568
45 56 3 100 571003 2.066722740
122 16 3 100 41853 2.066733242
124 102 3 100 32509 2.066801380
12 6 3 100 383047 2.066807107
9 76 3 100 23066 2.066827359
77 122 3 100 17701 2.066872442
125 20 3 100 2916402 2.066895222
76 69 3 100 22638645 2.066963110
120 108 3 100 3012 2.066964429
54 16 3 100 95345 2.066966405
14 76 3 100 83304 2.067001889
109 20 3 100 3834469 2.067003127
121 46 3 100 16533 2.067016076
57 93 3 100 1288905 2.067019172
52 38 3 100 1927287 2.067035861
74 92 3 100 3856106 2.067056625
101 22 3 100 30936 2.067136811
127 4 3 100 7491832 2.067147469
31 121 3 100 404154 2.067179677
89 70 3 100 1953919 2.067273120
24 20 3 100 36002 2.067287696
1 27 3 100 45294 2.067293980
48 8 3 100 5956153 2.067303090
15 34 3 100 52382 2.067329183
127 33 3 100 1938568 2.067349260
13 35 3 100 2538683 2.067350043
73 1 3 100 14886 2.067353885
109 19 3 100 68927 2.067384207
125 48 3 100 6177 2.067557808
118 108 3 100 21049 2.067597019
107 96 3 100 4717 2.067658664
21 25 3 100 8311 2.067675028
29 76 3 100 20998 2.067695776
37 1 3 100 9979 2.067710323
29 62 3 100 175931 2.067729119
84 50 3 100 1385964 2.067759178
14 127 3 100 38881 2.067792560
9 102 3 100 9209211 2.067859597
97 33 3 100 33316 2.067911649
2 30 3 100 153445 2.067965745
23 80 3 100 26910 2.068014199
9 103 3 100 5719 2.068029557
56 7 3 100 45110 2.068031842
5 34 3 100 109464 2.068180369
96 127 3 100 893530 2.068251556
114 27 3 100 9224386 2.068315351
69 83 3 100 34451 2.068393576
87 65 3 100 7275634 2.068396832
2 0 3 100 54922 2.068487364
41 83 3 100 133426 2.068518985
16 42 3 100 3967531 2.068547607
94 52 3 100 9044995 2.068554570
79 32 3 100 3572664 2.068558145
85 102 3 100 9328 2.068628554
52 1 3 100 7774324 2.068664542
99 47 3 100 40353 2.068679943
32 70 3 100 42044 2.068687202
57 27 3 100 1848806 2.068699087
61 98 3 100 978697 2.068722821
39 81 3 100 150759 2.068730518
95 53 3 100 13499 2.068752596
29 52 3 100 44052 2.068757232
11 75 3 100 19489416 2.068758656
111 67 3 100 9874618 2.068760376
45 62 3 100 45616 2.068766032
115 105 3 100 1294177 2.068768227
37 111 3 100 87835 2.068781532
93 76 3 100 42072 2.068861554
118 21 3 100 5977 2.068878623
6 37 3 100 4807 2.068952641
67 70 3 100 62633 2.069009381
88 28 3 100 62513 2.069101348
75 111 3 100 1856776 2.069102771
51 37 3 100 30241 2.069133944
54 53 3 100 23841613 2.069135539
110 56 3 100 1239136 2.069142059
9 108 3 100 32329 2.069162100
108 21 3 100 20278 2.069199258
60 58 3 100 651 2.069203160
79 14 3 100 1286405 2.069243253
37 56 3 100 52605 2.069282789
3 107 3 100 729 2.069296351
52 66 3 100 31201 2.069300646
22 21 3 100 798065 2.069341089
49 53 3 100 17748647 2.069414827
118 40 3 100 26544 2.069517256
21 70 3 100 1518252 2.069527473
13 120 3 100 6715182 2.069582853
19 102 3 100 1262556 2.069591773
59 60 3 100 3552 2.069626055
47 12 3 100 57691 2.069630199
54 27 3 100 28067 2.069667545
124 43 3 100 61391 2.069778177
96 58 3 100 9458849 2.069808052
73 45 3 100 63068 2.069834242
55 53 3 100 40446 2.069852430
115 74 3 100 784567 2.069879959
119 94 3 100 7333 2.069911734
71 4 3 100 54153 2.069937509
100 44 3 100 72007 2.069993049
6 11 3 100 28484 2.070019227
88 96 3 100 7204254 2.070131534
105 15 3 100 330 2.070225259
76 122 3 100 8423 2.070230613
71 115 3 100 136009 2.070241669
11 48 3 100 25261 2.070243212
13 106 3 100 166260 2.070259760
35 14 3 100 5617 2.070273148
109 9 3 100 64723 2.070305261
18 15 3 100 55466 2.070404306
51 18 3 100 469267 2.070480923
11 82 3 100 2115188 2.070530110
76 69 3 100 9294266 2.070541434
105 122 3 100 6604748 2.070556772
4 57 3 100 25306981 2.070568099
5 29 3 100 35564 2.070577076
54 6 3 100 53548 2.070645139
63 100 3 100 182401 2.070654483
88 8 3 100 76889 2.070692144
93 107 3 100 118235 2.070771359
78 13 3 100 32407 2.070789113
99 19 3 100 20898015 2.070881745
1 99 3 100 70276 2.070906868
103 106 3 100 27079 2.070908452
123 97 3 100 1313182 2.071007861
41 105 3 100 23297 2.071051414
85 99 3 100 21523 2.071088403
23 28 3 100 53239 2.071136992
30 16 3 100 17820 2.071137910
47 54 3 100 59990 2.071181401
27 23 3 100 4829 2.071189763
82 108 3 100 2455574 2.071214088
40 73 3 100 40549 2.071292355
8 72 3 100 72937 2.071317282
89 118 3 100 72542 2.071317585
32 70 3 100 9515 2.071334597
114 6 3 100 28440 2.071351979
101 120 3 100 1740310 2.071364818
73 3 3 100 124037 2.071398569
56 27 3 100 8331057 2.071407756
13 105 3 100 56560 2.071408024
0 36 3 100 15009 2.071425090
109 74 3 100 78769 2.071437150
16 77 3 100 36270 2.071518994
26 108 3 100 52989 2.071540055
111 16 3 100 42687 2.071586375
97 88 3 100 8533 2.071612098
5 27 3 100 647979 2.071615976
107 86 3 100 4051 2.071644389
111 35 3 100 72017 2.071656421
110 120 3 100 391481 2.071656702
45 41 3 100 25253 2.071673704
81 124 3 100 1112998 2.071752826
45 35 3 100 77927 2.071754752
35 8 3 100 23413 2.071833070
14 29 3 100 8321965 2.071846711
38 87 3 100 169870 2.071860775
56 69 3 100 5996 2.071894965
5 108 3 100 6006 2.072023100
101 85 3 100 712105 2.072025028
10 98 3 100 593127 2.072053480
80 20 3 100 32715 2.072061115
26 64 3 100 8745644 2.072086215
31 40 3 100 599119 2.072143522
102 43 3 100 1057923 2.072190475
95 100 3 100 74278 2.072207020
97 31 3 100 4676457 2.072236216
46 53 3 100 1508323 2.072262948
101 35 3 100 513162 2.072296580
46 44 3 100 31978 2.072378104
99 92 3 100 1111493 2.072378492
85 91 3 100 7494544 2.072411350
48 20 3 100 4719404 2.072562408
40 79 3 100 3247 2.072576735
79 89 3 100 31038 2.072606864
104 41 3 100 5337653 2.072609726
54 26 3 100 270586 2.072668995
21 90 3 100 32205 2.072682469
2 40 3 100 7005716 2.072712013
64 52 3 100 33820 2.072778754
101 13 3 100 5981383 2.072787747
77 92 3 100 3008 2.072788690
68 32 3 100 35669 2.072796180
26 21 3 100 483156 2.072806671
17 123 3 100 152328 2.072869036
99 79 3 100 24195 2.072874677
67 72 3 100 58388 2.072916690
39 62 3 100 986896 2.072927790
18 77 3 100 768371 2.072935445
31 75 3 100 18824 2.072936802
10 51 3 100 559920 2.072982288
124 119 3 100 28739 2.073038866
115 90 3 100 25544 2.073049420
107 65 3 100 10562869 2.073064163
75 110 3 100 16017660 2.073074670
48 116 3 100 1190949 2.073082360
65 101 3 100 38170 2.073107732
48 55 3 100 1329034 2.073116484
51 104 3 100 931964 2.073133986
58 47 3 100 6710 2.073148169
73 29 3 100 2110570 2.073216836
50 68 3 100 981725 2.073264202
102 58 3 100 1094871 2.073374112
88 34 3 100 3235 2.073395888
58 71 3 100 40709 2.073440128
105 84 3 100 7436559 2.073450318
125 122 3 100 21581 2.073464635
82 77 3 100 188678 2.073555564
14 74 3 100 61167 2.073559013
54 91 3 100 3549602 2.073565489
99 126 3 100 4722 2.073582369
65 37 3 100 9112290 2.073595190
116 126 3 100 4598511 2.073651781
73 2 3 100 973777 2.073722546
71 89 3 100 55794 2.073736973
55 43 3 100 134652 2.073755005
62 90 3 100 10852244 2.073784135
7 43 3 100 697814 2.073796287
109 5 3 100 9729105 2.073818103
22 87 3 100 73134 2.073835772
89 5 3 100 5736 2.073841432
85 92 3 100 568213 2.073859467
46 51 3 100 3260085 2.073923100
42 53 3 100 425699 2.073954201
23 73 3 100 582549 2.074042996
21 127 3 100 27599 2.074047703
47 24 3 100 1048113 2.074049407
27 54 3 100 109831 2.074195750
83 26 3 100 21218 2.074222186
36 118 3 100 23140 2.074230109
126 117 3 100 1557146 2.074230497
106 20 3 100 2522260 2.074265818
122 90 3 100 34128 2.074273689
117 29 3 100 13977 2.074276067
31 43 3 100 827685 2.074326901
31 122 3 100 3945116 2.074374238
44 17 3 100 1118 2.074375320
68 89 3 100 64346 2.074405529
55 28 3 100 1277105 2.074489188
15 10 3 100 126791 2.074507112
60 13 3 100 61402 2.074540669
52 104 3 100 94181 2.074588046
27 98 3 100 106597 2.074666045
109 102 3 100 50184 2.074679098
10 32 3 100 882966 2.074688495
74 28 3 100 978803 2.074699698
96 103 3 100 3979 2.074729221
36 71 3 100 45342 2.074745089
91 25 3 100 1943622 2.074779132
14 21 3 100 1541174 2.074790403
91 50 3 100 3427 2.074810755
110 53 3 100 65711 2.074818885
24 29 3 100 392805 2.074838427
50 88 3 100 51841 2.074871287
113 28 3 100 4144131 2.074902311
82 100 3 100 2892165 2.074958189
40 2 3 100 6749 2.074966426
37 26 3 100 9734 2.074985365
124 88 3 100 90846 2.074997790
103 67 3 100 75051 2.075057343
44 80 3 100 48212 2.075088045
20 2 3 100 1156981 2.075112783
102 109 3 100 9135 2.075139914
105 66 3 100 60558 2.075147277
3 19 3 100 34181 2.075186534
61 9 3 100 7211855 2.075279921
49 67 3 100 39858 2.075298934
119 126 3 100 4239601 2.075308888
30 79 3 100 38155 2.075356071
114 98 3 100 14584943 2.075381532
80 9 3 100 5972 2.075434243
5 90 3 100 293863 2.075472369
6 123 3 100 89047 2.075529573
71 37 3 100 73074 2.075613920
57 80 3 100 412459 2.075635946
115 3 3 100 1070841 2.075679142
123 67 3 100 1552982 2.075801695
110 109 3 100 169808 2.075808893
60 61 3 100 17693 2.075843196
48 17 3 100 276377 2.075856155
52 104 3 100 78633 2.075863836
55 73 3 100 2140 2.075878463
54 100 3 100 8516670 2.075884806
48 38 3 100 14484 2.076005926
123 3 3 100 7801 2.076050398
17 54 3 100 3026310 2.076083763
111 84 3 100 187572 2.076097764
122 88 3 100 68490 2.076109910
69 106 3 100 53513 2.076110335
91 110 3 100 511916 2.076157760
89 94 3 100 4596159 2.076195356
103 79 3 100 5942593 2.076303854
103 62 3 100 69597 2.076336838
13 65 3 100 27210 2.076362325
44 123 3 100 73393 2.076599224
25 11 3 100 70412 2.076611636
71 24 3 100 9224170 2.076614907
21 103 3 100 840716 2.076634507
75 24 3 100 2648613 2.076681014
104 39 3 100 1037335 2.076695544
70 12 3 100 841268 2.076705189
109 2 3 100 164979 2.076726075
1 102 3 100 683586 2.076727655
50 122 3 100 1851435 2.076842286
49 13 3 100 5993 2.076863800
62 43 3 100 1446 2.076875838
110 47 3 100 18464 2.076928637
119 114 3 100 9802682 2.076939275
29 22 3 100 54864 2.076975240
7 48 3 100 896015 2.077111015
120 78 3 100 1108954 2.077117125
117 27 3 100 6885113 2.077125419
97 25 3 100 54336 2.077126160
109 52 3 100 1226847 2.077190678
25 68 3 100 20256 2.077255852
1 43 3 100 55880 2.077287759
31 96 3 100 3108345 2.077317742
89 74 3 100 175866 2.077342257
70 6 3 100 125088 2.077384447
5 115 3 100 395437 2.077393643
111 18 3 100 28400 2.077394567
54 12 3 100 16582055 2.077468488
59 112 3 100 699334 2.077539853
114 126 3 100 523 2.077643936
49 24 3 100 503 2.077658612
80 90 3 100 1374473 2.077697328
44 27 3 100 1528 2.077763014
65 16 3 100 30350 2.077783509
122 19 3 100 126661 2.077838364
40 81 3 100 2277159 2.078019129
84 98 3 100 338570 2.078093203
0 2 3 100 60527 2.078101008
1 69 3 100 26967 2.078134086
114 41 3 100 28177 2.078135082
106 51 3 100 4113246 2.078170471
69 16 3 100 32524 2.078181148
66 38 3 100 4243081 2.078198254
23 65 3 100 8359 2.078198395
72 102 3 100 984943 2.078341179
39 51 3 100 6821418 2.078466863
64 26 3 100 32489 2.078473470
126 26 3 100 9320929 2.078487267
88 5 3 100 52804 2.078492544
38 42 3 100 4123 2.078556768
111 37 3 100 104024 2.078575673
40 14 3 100 4155564 2.078578239
3 33 3 100 24646 2.078626356
40 63 3 100 13027 2.078654662
72 97 3 100 10390 2.078694504
91 124 3 100 15793126 2.078741456
67 65 3 100 56946 2.078775980
56 80 3 100 16332 2.078801494
49 14 3 100 9260 2.078847959
68 14 3 100 943260 2.078919849
82 4 3 100 39460 2.078937301
112 31 3 100 25968 2.078959310
91 48 3 100 9704 2.078959614
100 41 3 100 2902948 2.078963727
95 25 3 100 53220 2.079044790
85 121 3 100 31302 2.079149205
109 119 3 100 1742080 2.079213478
52 1 3 100 72173 2.079231073
117 49 3 100 3310579 2.079264781
118 29 3 100 926153 2.079274641
44 60 3 100 9698 2.079283549
125 20 3 100 735397 2.079295416
14 96 3 100 8563816 2.079331400
86 10 3 100 4619164 2.079341638
32 18 3 100 5479741 2.079362291
83 50 3 100 3897295 2.079408284
27 80 3 100 8393 2.079409335
46 79 3 100 1243773 2.079466967
122 63 3 100 20215 2.079508354
58 54 3 100 92808 2.079509866
52 21 3 100 165357 2.079536150
120 115 3 100 27098 2.079544950
10 52 3 100 4373 2.079547581
66 65 3 100 8980961 2.079607769
6 44 3 100 9542 2.079636591
89 105 3 100 1690286 2.079657851
54 51 3 100 4881735 2.079690641
79 101 3 100 21076 2.079830705
69 30 3 100 6697606 2.079838310
78 15 3 100 26382020 2.079874369
24 32 3 100 877871 2.079968937
100 50 3 100 26745988 2.080018034
97 16 3 100 80385 2.080019662
75 38 3 100 170867 2.080101216
78 63 3 100 14888 2.080108100
60 126 3 100 5401208 2.080157062
55 123 3 100 76068 2.080177352
47 25 3 100 79227 2.080223375
79 101 3 100 67196 2.080224363
22 25 3 100 72740 2.080309589
24 14 3 100 118925 2.080395245
86 70 3 100 7211469 2.080409658
54 76 3 100 9930 2.080419786
92 30 3 100 2688093 2.080432592
68 121 3 100 30516 2.080509031
64 47 3 100 8109 2.080537627
94 64 3 100 4577192 2.080551939
36 108 3 100 7603 2.080559968
20 74 3 100 28169 2.080567424
69 96 3 100 3774827 2.080583898
106 83 3 100 3847 2.080604438
31 103 3 100 232187 2.080661883
109 80 3 100 108780 2.080685407
127 38 3 100 5901 2.080708790
119 71 3 100 3219875 2.080779156
25 80 3 100 63521 2.080821527
35 68 3 100 4247415 2.080858184
75 88 3 100 4280 2.080917210
98 56 3 100 36719 2.080917599
105 47 3 100 992345 2.080922432
75 21 3 100 26877 2.080927424
66 115 3 100 1015058 2.080964998
8 61 3 100 8446 2.081059277
3 34 3 100 31415 2.081070271
102 61 3 100 76821 2.081188343
55 75 3 100 2504592 2.081199156
95 102 3 100 38939 2.081262822
81 96 3 100 48059 2.081272422
9 61 3 100 5031331 2.081300912
1 91 3 100 4657545 2.081328495
42 123 3 100 29015 2.081333539
108 70 3 100 27707 2.081353748
43 51 3 100 1544324 2.081380225
21 51 3 100 4096 2.081385003
76 46 3 100 209404 2.081416437
18 16 3 100 869358 2.081421904
20 104 3 100 4435310 2.081489222
83 10 3 100 8497 2.081568135
116 31 3 100 21364 2.081610821
14 79 3 100 19205209 2.081715475
76 95 3 100 7358 2.081731464
85 124 3 100 4162666 2.081738176
48 46 3 100 1952079 2.081776172
20 56 3 100 72428 2.081801223
22 63 3 100 76139 2.081812182
95 122 3 100 267 2.081852877
56 68 3 100 3302609 2.082038130
116 32 3 100 21691 2.082045532
43 3 3 100 48889 2.082066649
77 39 3 100 471003 2.082070552
74 119 3 100 520891 2.082108536
115 79 3 100 38635 2.082134318
95 50 3 100 5912 2.082170472
13 46 3 100 43683 2.082183112
41 87 3 100 524268 2.082231059
112 80 3 100 3867 2.082276250
80 73 3 100 8226794 2.082288861
49 14 3 100 72849 2.082420784
72 44 3 100 71743 2.082486494
34 85 3 100 74439 2.082496980
8 45 3 100 5055818 2.082515473
30 20 3 100 2006 2.082526261
28 114 3 100 4095767 2.082560720
29 66 3 100 1729812 2.082563440
80 8 3 100 359036 2.082610033
111 19 3 100 4115384 2.082613141
50 73 3 100 176172 2.082709084
10 125 3 100 27960 2.082718372
49 100 3 100 17346 2.082750484
77 12 3 100 1426727 2.082787767
127 55 3 100 5235 2.082822018
101 28 3 100 115635 2.082830704
42 47 3 100 1696113 2.082873031
74 116 3 100 1935183 2.082936886
116 74 3 100 69724 2.082965854
104 69 3 100 5031563 2.082966883
64 86 3 100 5324702 2.082988400
58 48 3 100 132614 2.083020590
97 29 3 100 15586 2.083042760
18 10 3 100 28825 2.083102479
28 46 3 100 133455 2.083141865
44 120 3 100 40838 2.083147869
7 14 3 100 502119 2.083148535
4 102 3 100 10939238 2.083172199
112 100 3 100 4059 2.083188376
118 83 3 100 12716 2.083211177
36 67 3 100 44165 2.083218851
47 86 3 100 4015 2.083229395
15 36 3 100 1334766 2.083252973
33 124 3 100 9095738 2.083259297
46 9 3 100 30195 2.083330759
20 127 3 100 60452 2.083337870
66 33 3 100 260631 2.083342139
96 38 3 100 1043 2.083342807
8 1 3 100 1787517 2.083362396
26 30 3 100 52819 2.083435655
30 21 3 100 39374 2.083440976
37 61 3 100 14152026 2.083601503
99 39 3 100 3900 2.083677735
55 72 3 100 39980 2.083752136
109 35 3 100 64021 2.083766083
50 114 3 100 53293 2.083767155
9 68 3 100 61983 2.083797227
102 46 3 100 2754 2.083801707
16 12 3 100 53182 2.083836401
96 4 3 100 3227 2.083904734
12 120 3 100 46019 2.083918095
94 57 3 100 8472 2.083952036
20 54 3 100 111404 2.083990603
36 33 3 100 52635 2.084057446
100 108 3 100 36047 2.084099003
118 75 3 100 27371 2.084155323
24 7 3 100 1614516 2.084177903
17 123 3 100 1280958 2.084183547
1 20 3 100 9250 2.084275235
72 81 3 100 153420 2.084310141
93 40 3 100 576 2.084320409
24 101 3 100 3502 2.084335937
99 48 3 100 17584 2.084370539
116 46 3 100 49210 2.084376185
36 100 3 100 22620241 2.084382380
123 9 3 100 22840 2.084416793
56 126 3 100 7593 2.084449880
72 65 3 100 10320 2.084462411
42 108 3 100 652403 2.084475869
31 10 3 100 3073172 2.084496546
124 77 3 100 1966849 2.084500000
95 3 3 100 4562930 2.084505680
106 67 3 100 746 2.084515888
68 111 3 100 910965 2.084534052
75 49 3 100 2567 2.084559221
16 61 3 100 3049470 2.084571885
104 101 3 100 1168471 2.084590077
122 54 3 100 1250411 2.084597774
108 50 3 100 68080 2.084695998
15 38 3 100 27240 2.084699087
99 9 3 100 6457 2.084701169
74 0 3 100 3348741 2.084710846
49 79 3 100 50071 2.084721806
92 79 3 100 6192 2.084843847
48 23 3 100 9562 2.084954444
74 63 3 100 69139 2.084958791
103 89 3 100 95027 2.084963528
90 45 3 100 1955540 2.085021513
80 53 3 100 247971 2.085047564
37 97 3 100 1994922 2.085077434
85 31 3 100 5647 2.085100657
9 57 3 100 2187230 2.085115327
121 32 3 100 46551 2.085126459
100 25 3 100 34419 2.085143763
24 30 3 100 484879 2.085291459
104 26 3 100 16769 2.085308991
112 24 3 100 426422 2.085449188
72 16 3 100 82275 2.085559863
69 82 3 100 7941855 2.085611469
44 65 3 100 33001 2.085667452
51 105 3 100 3307279 2.085726685
21 104 3 100 1268844 2.085771741
5 59 3 100 641820 2.085808939
68 41 3 100 54939 2.085828044
108 125 3 100 7518904 2.085842273
10 123 3 100 86985 2.085905731
2 19 3 100 63351 2.085923133
39 50 3 100 8780340 2.085966075
82 85 3 100 10100 2.086060671
116 48 3 100 7060 2.086062136
60 13 3 100 424409 2.086089871
58 120 3 100 13263383 2.086206033
112 77 3 100 7170 2.086242654
106 43 3 100 137572 2.086354780
27 32 3 100 44192 2.086388165
66 113 3 100 41321 2.086452581
105 85 3 100 3927 2.086471842
88 84 3 100 9208592 2.086480286
105 4 3 100 1791086 2.086552743
0 2 3 100 3494 2.086572692
121 109 3 100 3187 2.087039108
60 89 3 100 56705 2.087078202
69 2 3 100 48018 2.087087626
52 5 3 100 4016691 2.087102891
14 78 3 100 916646 2.087121776
88 98 3 100 2016 2.087149872
47 81 3 100 3314 2.087205048
32 58 3 100 1141166 2.087218248
43 92 3 100 12035 2.087246155
109 41 3 100 1035496 2.087333311
127 82 3 100 314393 2.087340903
108 4 3 100 4102089 2.087367376
102 70 3 100 493336 2.087430691
3 38 3 100 76591 2.087455813
47 41 3 100 13599 2.087465920
108 64 3 100 4120999 2.087476840
119 36 3 100 301 2.087479622
6 84 3 100 3113653 2.087484165
42 125 3 100 25193 2.087536787
52 110 3 100 36430 2.087575978
68 115 3 100 110106 2.087612965
94 86 3 100 15470 2.087651478
21 5 3 100 20190 2.087696570
69 1 3 100 33454 2.087892681
70 32 3 100 44657 2.087898762
21 54 3 100 47250 2.087931400
60 12 3 100 2228 2.087950081
14 46 3 100 9325818 2.088012696
97 85 3 100 6305417 2.088087137
103 92 3 100 62672 2.088215365
77 57 3 100 48744 2.088224925
124 71 3 100 180215 2.088225924
45 126 3 100 287891 2.088284039
122 83 3 100 703384 2.088299315
62 34 3 100 6086 2.088354642
54 94 3 100 29944 2.088361769
36 59 3 100 2300237 2.088371990
53 46 3 100 58475 2.088447704
106 73 3 100 3103847 2.088448464
61 68 3 100 3812418 2.088481367
114 62 3 100 4821144 2.088496929
109 115 3 100 27153343 2.088525808
14 123 3 100 968998 2.088561944
45 73 3 100 29250 2.088598490
79 45 3 100 72343 2.088606812
105 116 3 100 5663948 2.088614226
14 126 3 100 7777034 2.088704533
82 57 3 100 1803811 2.088728487
111 67 3 100 1707328 2.088812977
13 121 3 100 46208 2.088868808
113 33 3 100 3378927 2.088870326
91 103 3 100 171541 2.088898003
29 45 3 100 28212 2.088953095
27 93 3 100 7547 2.089039289
51 9 3 100 1600363 2.089059422
42 81 3 100 537228 2.089075778
34 48 3 100 22665 2.089088630
45 107 3 100 8483 2.089120617
123 76 3 100 24039 2.089165607
42 23 3 100 29853 2.089192078
46 44 3 100 4222768 2.089198652
71 122 3 100 521348 2.089233243
105 48 3 100 1626131 2.089267436
70 7 3 100 181187 2.089295382
65 56 3 100 1542931 2.089310645
126 94 3 100 40407 2.089322501
101 12 3 100 58385 2.089330266
44 68 3 100 27957 2.089487599
36 103 3 100 8170867 2.089494527
112 51 3 100 2487612 2.089647517
32 64 3 100 2299416 2.089659833
97 59 3 100 17953643 2.089682499
41 118 3 100 38926 2.089685730
73 83 3 100 172020 2.089688974
57 87 3 100 5247 2.089718454
113 49 3 100 3515724 2.089744903
88 33 3 100 17119 2.089822698
21 74 3 100 150441 2.089919216
10 125 3 100 857903 2.090020525
25 60 3 100 9906676 2.090021999
17 10 3 100 16074 2.090055887
19 26 3 100 46251 2.090130929
114 66 3 100 78168 2.090137203
110 80 3 100 6003 2.090159180
69 24 3 100 17153 2.090188701
124 88 3 100 28035 2.090209533
66 48 3 100 2115110 2.090231392
60 83 3 100 58842 2.090280017
87 47 3 100 37749 2.090312094
67 53 3 100 12899620 2.090322976
61 77 3 100 22724 2.090332245
83 120 3 100 773867 2.090344556
35 49 3 100 1074024 2.090392246
30 55 3 100 2232264 2.090422151
79 52 3 100 76930 2.090473304
77 29 3 100 19310 2.090500377
2 104 3 100 14513 2.090509593
28 118 3 100 1054061 2.090549620
108 110 3 100 50946 2.090644981
85 52 3 100 686767 2.090661881
78 114 3 100 406529 2.090668320
75 101 3 100 1734077 2.090686808
68 121 3 100 376520 2.090760751
6 18 3 100 5705 2.090846468
21 56 3 100 502 2.090863908
30 39 3 100 57110 2.090869070
112 42 3 100 19074 2.090890540
106 77 3 100 4108411 2.090900487
58 108 3 100 217722 2.090910808
99 66 3 100 1583749 2.090967204
34 87 3 100 22207 2.091037493
97 0 3 100 22616 2.091042531
85 25 3 100 47341 2.091069400
79 63 3 100 7820400 2.091070587
22 26 3 100 68195 2.091078755
66 25 3 100 70756 2.091082726
81 0 3 100 72675 2.091149908
60 66 3 100 167795 2.091180238
88 122 3 100 8252482 2.091229553
71 14 3 100 180818 2.091323025
2 121 3 100 15730661 2.091388864
43 59 3 100 47930 2.091401018
101 94 3 100 39288 2.091429183
82 24 3 100 16465 2.091441531
78 36 3 100 20035 2.091449365
112 120 3 100 1920 2.091470923
51 76 3 100 3941 2.091530962
51 118 3 100 134875 2.091590960
12 67 3 100 2830722 2.091640153
108 21 3 100 46425 2.091642550
80 116 3 100 18046024 2.091649197
15 58 3 100 22094 2.091686997
37 10 3 100 3014 2.091707847
32 0 3 100 5636 2.091764181
26 102 3 100 3473115 2.091861136
17 59 3 100 1859143 2.091883385
91 122 3 100 5409 2.091967026
75 1 3 100 2555194 2.091985304
28 78 3 100 4579234 2.092027564
82 14 3 100 1920428 2.092051007
6 44 3 100 21776 2.092110547
73 25 3 100 3985168 2.092121697
85 7 3 100 25110 2.092134642
63 97 3 100 4803 2.092141032
114 73 3 100 3295 2.092163587
62 18 3 100 26067 2.092259929
97 60 3 100 45568 2.092385997
95 105 3 100 24687 2.092439946
41 14 3 100 3495 2.092442829
103 7 3 100 62780 2.092467449
126 123 3 100 1343453 2.092484383
112 107 3 100 679134 2.092510967
117 105 3 100 64209 2.092522694
66 42 3 100 56569 2.092539720
79 7 3 100 186091 2.092596633
31 125 3 100 1230154 2.092609903
119 79 3 100 5537 2.092621094
9 83 3 100 21010 2.092702992
37 53 3 100 76679 2.092863279
109 122 3 100 445 2.092967780
84 2 3 100 103611 2.093072808
96 24 3 100 4375 2.093109642
66 7 3 100 1691240 2.093170078
117 126 3 100 1021994 2.093432899
111 13 3 100 54967 2.093518119
22 70 3 100 16157 2.093573905
126 63 3 100 8533448 2.093576841
41 32 3 100 50115 2.093591489
111 21 3 100 8412929 2.093595580
71 118 3 100 6857777 2.093612310
21 112 3 100 1021399 2.093662590
21 3 3 100 151040 2.093664366
104 12 3 100 1178101 2.093678059
112 34 3 100 2146 2.093689917
16 26 3 100 947535 2.093699453
19 116 3 100 1824828 2.093764406
94 8 3 100 20959062 2.093805247
112 118 3 100 73809 2.093813280
99 30 3 100 3289592 2.093868906
58 20 3 100 9167806 2.093981251
15 81 3 100 9293 2.094012001
21 16 3 100 42601 2.094014065
52 13 3 100 4911 2.094015758
65 16 3 100 41774 2.094126434
22 5 3 100 167503 2.094177117
0 33 3 100 70967 2.094369790
64 89 3 100 28032 2.094513846
9 38 3 100 7786 2.094541035
20 107 3 100 74778 2.094574482
1 72 3 100 80708 2.094596599
3 120 3 100 66131 2.094651223
9 4 3 100 35471 2.094678564
64 114 3 100 20539 2.094716328
1 78 3 100 2802094 2.094779251
83 29 3 100 48892 2.094833993
112 101 3 100 1453350 2.094850197
52 36 3 100 27125 2.094853877
77 78 3 100 47165 2.094869627
46 45 3 100 1196780 2.094886442
101 102 3 100 29843 2.094930799
12 41 3 100 20706 2.095018729
37 57 3 100 4195593 2.095032238
10 103 3 100 94147 2.095059433
13 61 3 100 51782 2.095099740
29 9 3 100 5265 2.095157119
81 15 3 100 179611 2.095244246
23 86 3 100 25824075 2.095257739
83 15 3 100 130606 2.095332993
23 96 3 100 6215 2.095370437
98 35 3 100 64298 2.095461004
7 95 3 100 43282 2.095545699
50 70 3 100 74684 2.095562401
66 1 3 100 30982 2.095618520
109 80 3 100 954220 2.095724692
71 78 3 100 7430140 2.095726401
40 56 3 100 9519 2.095869085
103 110 3 100 68386 2.095898659
54 90 3 100 41574 2.095901201
50 68 3 100 22193123 2.096043801
80 71 3 100 6216652 2.096135407
30 12 3 100 1425 2.096197406
98 77 3 100 1195462 2.096243393
111 9 3 100 45675 2.096393469
77 47 3 100 4094337 2.096525267
53 115 3 100 31948 2.096672281
16 51 3 100 23019 2.096694370
112 34 3 100 37321 2.096735330
25 7 3 100 182268 2.096767751
48 43 3 100 49067 2.096805345
25 38 3 100 63471 2.096814141
86 62 3 100 48236 2.096833128
100 18 3 100 23327 2.096897841
54 122 3 100 94155 2.096902595
120 70 3 100 3035 2.096914762
93 5 3 100 32509 2.097101235
30 23 3 100 1761767 2.097182875
113 12 3 100 1191171 2.097267153
6 34 3 100 1821 2.097465538
78 98 3 100 856377 2.097534040
77 112 3 100 5615729 2.097555540
120 115 3 100 391022 2.097672602
1 92 3 100 281431 2.097712762
71 83 3 100 3163467 2.097904452
21 55 3 100 29531 2.097978239
53 98 3 100 55109 2.098212987
1 6 3 100 1641455 2.098248239
59 22 3 100 7443123 2.098282538
54 71 3 100 27504 2.098433526
3 118 3 100 7315 2.098573262
28 37 3 100 21663 2.098622039
27 17 3 100 46367 2.098671301
34 48 3 100 77550 2.098728347
57 86 3 100 28342479 2.098806841
85 4 3 100 1677867 2.098881344
13 79 3 100 6553083 2.098986455
57 84 3 100 70054 2.099185549
12 125 3 100 15793 2.099601384
105 112 3 100 50431 2.099862413
